id,barcode,name,category,brand,pack_size,unit,price,cost,margin,shelf_life_days,lead_time_days,vendor_id,case_size,demand_mean_per_day,demand_sd_per_day,seasonality_factor,promo_flag_probability
SKU000001,2574405418329,Classic Fresh 949,Fresh produce,GreenValley,1kg,kg,2.71,2.26,0.166,8,3,V420,48,1.364,0.707,0.993,0.036
SKU000002,2025965201841,Organic Fresh 343,Fresh produce,GreenValley,250g,ea,6.51,4.72,0.275,9,2,V987,12,0.344,0.1,0.935,0.06
SKU000003,4596034279564,Classic Fresh 855,Fresh produce,FarmHouse,box,ea,5.24,4.41,0.158,12,2,V516,24,0.412,0.207,0.858,0.124
SKU000004,3047392543569,Family Pack Fresh 741,Fresh produce,LocalHarvest,single,kg,3.2,2.66,0.169,8,2,V998,24,0.331,0.1,1.024,0.197
SKU000005,5293406665130,Original Fresh 853,Fresh produce,LocalHarvest,bag,ea,1.44,1.11,0.229,9,1,V208,6,3.104,0.689,0.891,0.002
SKU000006,5499302324858,Classic Fresh 561,Fresh produce,GreenValley,1kg,kg,4.18,2.86,0.316,11,1,V406,6,1.576,0.682,1.138,0.141
SKU000007,7243560345988,Extra Fresh 925,Fresh produce,LocalHarvest,250ml,ea,0.62,0.42,0.323,14,2,V670,1,1.539,0.748,0.984,0.346
SKU000008,4443448256286,Value Fresh 939,Fresh produce,LocalHarvest,box,ea,6.54,4.43,0.323,5,3,V666,48,1.109,0.554,0.978,0.121
SKU000009,8870365017737,Classic Fresh 132,Fresh produce,LocalHarvest,1L,ea,0.53,0.3,0.434,5,3,V322,24,0.343,0.105,0.929,0.025
SKU000010,7983368266990,Lite Fresh 564,Fresh produce,LocalHarvest,tub,ea,6.93,4.29,0.381,8,3,V132,1,2.305,0.497,0.819,0.044
SKU000011,2886003599034,Original Fresh 380,Fresh produce,FarmHouse,1L,L,7.11,4.21,0.408,7,2,V320,12,0.32,0.1,1.156,0.124
SKU000012,4045505167732,Premium Fresh 963,Fresh produce,LocalHarvest,single,ea,4.29,3.33,0.224,7,3,V577,12,1.179,0.675,0.813,0.02
SKU000013,3444193903554,Original Fresh 556,Fresh produce,LocalHarvest,500ml,kg,4.94,3.7,0.251,3,3,V894,1,1.61,0.527,0.871,0.034
SKU000014,4684377399424,Original Fresh 823,Fresh produce,GreenValley,250ml,kg,1.45,0.84,0.421,3,1,V399,12,1.864,0.518,1.048,0.235
SKU000015,4851245884997,Original Fresh 343,Fresh produce,GreenValley,box,kg,4.08,3.3,0.191,14,2,V646,6,0.45,0.106,1.194,0.089
SKU000016,7592455515324,Value Fresh 875,Fresh produce,OrchardSelect,250g,L,6.36,3.6,0.434,11,3,V867,48,1.165,0.533,1.049,0.004
SKU000017,2534660267944,Classic Fresh 868,Fresh produce,GreenValley,tub,ea,3.02,1.88,0.377,14,2,V851,12,5.51,1.415,1.312,0.112
SKU000018,8501873835299,Classic Fresh 374,Fresh produce,OrchardSelect,500g,L,1.33,0.94,0.293,7,1,V798,12,0.472,0.131,0.601,0.223
SKU000019,8523420745917,Original Fresh 649,Fresh produce,GreenValley,bag,ea,7.46,4.36,0.416,13,3,V479,6,1.113,0.518,1.061,0.273
SKU000020,6615923881754,Lite Fresh 437,Fresh produce,GreenValley,box,L,2.29,1.49,0.349,10,1,V277,48,0.933,0.317,0.788,0.27
SKU000021,2924185590773,Premium Fresh 390,Fresh produce,GreenValley,1kg,L,1.74,1.27,0.27,11,1,V581,48,0.331,0.1,0.876,0.087
SKU000022,2397460756940,Value Fresh 849,Fresh produce,FarmHouse,500ml,kg,0.58,0.36,0.379,6,3,V447,6,0.445,0.172,1.085,0.025
SKU000023,8340239001867,Original Fresh 660,Fresh produce,OrchardSelect,500g,kg,6.87,5.06,0.263,11,3,V372,24,3.681,1.899,1.162,0.005
SKU000024,6240598399233,Lite Fresh 520,Fresh produce,FarmHouse,tub,kg,6.27,3.54,0.435,5,3,V788,6,1.468,0.604,1.075,0.006
SKU000025,8986380105600,Lite Fresh 860,Fresh produce,FarmHouse,250g,ea,0.94,0.8,0.149,14,3,V990,6,0.391,0.172,1.05,0.295
SKU000026,2099003995445,Premium Fresh 457,Fresh produce,FarmHouse,tub,ea,0.71,0.48,0.324,8,1,V660,12,0.566,0.13,0.956,0.107
SKU000027,4147214187717,Classic Fresh 972,Fresh produce,FarmHouse,250g,L,1.96,1.66,0.153,11,2,V668,6,0.529,0.213,0.976,0.014
SKU000028,7906087743650,Extra Fresh 344,Fresh produce,GreenValley,250g,kg,6.02,4.15,0.311,6,3,V811,24,11.072,2.866,1.021,0.007
SKU000029,4681523511199,Extra Fresh 718,Fresh produce,OrchardSelect,1kg,ea,2.1,1.3,0.381,10,3,V468,1,0.573,0.204,1.095,0.033
SKU000030,8443787921255,Premium Fresh 3,Fresh produce,LocalHarvest,250g,L,7.51,5.6,0.254,9,3,V334,12,0.418,0.118,0.906,0.065
SKU000031,4956186396857,Original Fresh 299,Fresh produce,FarmHouse,bag,ea,3.93,2.6,0.338,5,1,V384,6,0.724,0.177,1.003,0.157
SKU000032,4742858575541,Family Pack Fresh 622,Fresh produce,OrchardSelect,tub,kg,5.1,3.87,0.241,11,2,V347,6,1.099,0.383,0.908,0.059
SKU000033,4030912950888,Lite Fresh 624,Fresh produce,OrchardSelect,1kg,kg,4.29,3.3,0.231,10,2,V250,24,0.615,0.352,1.081,0.033
SKU000034,2663751996040,Lite Fresh 105,Fresh produce,LocalHarvest,1L,ea,1.82,1.3,0.286,11,1,V584,24,1.536,0.494,1.078,0.056
SKU000035,4630305995907,Classic Fresh 402,Fresh produce,FarmHouse,500g,L,5.88,4.68,0.204,8,1,V636,1,1.136,0.343,0.972,0.064
SKU000036,8521172163494,Family Pack Fresh 623,Fresh produce,FarmHouse,bag,ea,1.63,1.18,0.276,5,2,V730,1,1.083,0.303,0.809,0.238
SKU000037,5202123578916,Original Fresh 123,Fresh produce,OrchardSelect,500g,ea,1.84,1.45,0.212,12,1,V359,6,10.085,3.488,0.998,0.016
SKU000038,4262119323979,Original Fresh 922,Fresh produce,FarmHouse,1kg,ea,6.98,4.8,0.312,11,1,V388,48,10.92,5.595,0.916,0.025
SKU000039,4971562977497,Original Fresh 779,Fresh produce,GreenValley,bag,ea,5.72,3.34,0.416,10,2,V466,12,0.658,0.187,0.805,0.018
SKU000040,3512550666411,Premium Fresh 943,Fresh produce,OrchardSelect,500g,ea,6.72,4.56,0.321,10,2,V279,6,0.318,0.188,1.186,0.189
SKU000041,8884706673625,Classic Fresh 952,Fresh produce,FarmHouse,box,kg,3.37,1.91,0.433,12,2,V265,12,0.512,0.275,0.82,0.017
SKU000042,4363175039167,Lite Fresh 566,Fresh produce,FarmHouse,single,L,2.78,1.81,0.349,13,1,V503,6,7.542,3.416,0.88,0.009
SKU000043,3895673158478,Classic Fresh 266,Fresh produce,OrchardSelect,500ml,L,4.24,2.94,0.307,4,1,V180,24,16.826,7.535,0.911,0.173
SKU000044,4745072988718,Value Fresh 205,Fresh produce,FarmHouse,bag,ea,7.44,5.92,0.204,5,3,V266,6,0.747,0.401,1.083,0.068
SKU000045,3807964008834,Family Pack Fresh 716,Fresh produce,FarmHouse,250g,kg,4.36,3.01,0.31,7,3,V807,24,1.353,0.657,0.917,0.017
SKU000046,5684784587407,Family Pack Fresh 170,Fresh produce,GreenValley,250ml,kg,5.93,4.93,0.169,11,2,V161,6,10.487,3.741,1.084,0.184
SKU000047,7911683843097,Organic Fresh 852,Fresh produce,LocalHarvest,box,kg,7.13,4.09,0.426,3,2,V172,24,0.578,0.18,1.381,0.083
SKU000048,3593666102720,Extra Fresh 946,Fresh produce,FarmHouse,250ml,ea,1.17,0.81,0.308,9,2,V136,12,0.356,0.141,0.821,0.002
SKU000049,5408981062341,Original Fresh 739,Fresh produce,LocalHarvest,box,ea,3.67,2.04,0.444,10,3,V937,6,2.393,1.099,1.129,0.036
SKU000050,6336677464471,Premium Fresh 35,Fresh produce,GreenValley,500ml,L,1.0,0.63,0.37,6,1,V209,12,4.266,1.67,1.018,0.008
SKU000051,5435618101706,Organic Fresh 467,Fresh produce,FarmHouse,single,ea,5.71,3.66,0.359,7,1,V810,6,2.808,1.491,0.981,0.067
SKU000052,6943644781149,Family Pack Fresh 58,Fresh produce,GreenValley,500ml,L,2.06,1.67,0.189,7,3,V789,6,4.217,1.671,1.171,0.044
SKU000053,2417080870712,Lite Fresh 735,Fresh produce,FarmHouse,250ml,L,5.03,3.74,0.256,3,3,V269,1,0.663,0.251,0.813,0.089
SKU000054,6306496073046,Original Fresh 579,Fresh produce,GreenValley,single,kg,7.07,5.04,0.287,3,3,V303,24,21.078,11.686,1.059,0.292
SKU000055,8332115361005,Family Pack Fresh 899,Fresh produce,OrchardSelect,box,kg,1.13,0.66,0.416,11,3,V778,48,11.724,6.111,1.157,0.078
SKU000056,7404297925738,Extra Fresh 459,Fresh produce,GreenValley,500g,L,7.1,5.65,0.204,9,3,V788,1,0.499,0.277,1.0,0.179
SKU000057,8351664455974,Classic Fresh 189,Fresh produce,LocalHarvest,bag,ea,4.33,3.13,0.277,7,1,V205,12,2.628,1.163,1.023,0.014
SKU000058,7600791941888,Family Pack Fresh 557,Fresh produce,FarmHouse,250ml,kg,5.14,3.06,0.405,11,3,V187,24,5.313,2.451,0.991,0.271
SKU000059,6495383605013,Classic Fresh 200,Fresh produce,LocalHarvest,bag,kg,2.47,1.48,0.401,5,1,V800,6,0.573,0.254,1.28,0.061
SKU000060,8217126171025,Original Fresh 354,Fresh produce,LocalHarvest,1kg,ea,0.87,0.55,0.368,12,3,V615,24,0.384,0.121,0.732,0.101
SKU000061,2895809541213,Organic Fresh 784,Fresh produce,GreenValley,500ml,L,3.36,1.98,0.411,12,2,V614,12,0.361,0.1,1.01,0.086
SKU000062,2425333518075,Family Pack Fresh 719,Fresh produce,OrchardSelect,tub,L,1.09,0.85,0.22,11,2,V321,12,0.916,0.506,0.735,0.206
SKU000063,7450611750983,Classic Fresh 478,Fresh produce,OrchardSelect,500g,ea,3.26,1.95,0.402,11,1,V880,1,0.641,0.222,1.153,0.064
SKU000064,5038159883793,Lite Fresh 542,Fresh produce,FarmHouse,250g,ea,1.35,0.8,0.407,14,1,V817,48,1.042,0.376,0.941,0.256
SKU000065,7959394764798,Premium Fresh 645,Fresh produce,OrchardSelect,box,kg,4.27,3.52,0.176,10,2,V749,1,1.13,0.521,1.014,0.157
SKU000066,5810788182239,Family Pack Fresh 266,Fresh produce,OrchardSelect,250g,kg,4.61,3.77,0.182,5,1,V996,48,0.563,0.192,1.257,0.01
SKU000067,4428889038033,Lite Fresh 26,Fresh produce,OrchardSelect,1L,ea,1.8,1.13,0.372,3,2,V773,24,0.33,0.1,1.162,0.086
SKU000068,8073704391360,Organic Fresh 292,Fresh produce,OrchardSelect,1kg,ea,3.87,3.07,0.207,3,1,V891,12,0.523,0.166,1.065,0.251
SKU000069,6257197264263,Lite Fresh 6,Fresh produce,LocalHarvest,tub,kg,5.73,4.54,0.208,6,1,V289,1,0.952,0.2,0.825,0.238
SKU000070,7206662754038,Family Pack Fresh 946,Fresh produce,GreenValley,box,kg,5.16,4.32,0.163,10,1,V140,12,0.746,0.364,1.084,0.271
SKU000071,2819969290049,Value Fresh 529,Fresh produce,FarmHouse,box,L,7.98,5.87,0.264,4,2,V581,48,0.561,0.192,0.832,0.023
SKU000072,6862769258480,Premium Fresh 928,Fresh produce,LocalHarvest,single,kg,6.82,4.03,0.409,9,1,V764,6,1.854,0.422,0.998,0.058
SKU000073,8726044718099,Original Fresh 436,Fresh produce,LocalHarvest,1L,kg,5.94,4.3,0.276,14,2,V843,48,0.649,0.366,1.078,0.08
SKU000074,2121836861139,Organic Fresh 730,Fresh produce,FarmHouse,box,L,0.64,0.49,0.234,4,2,V556,6,0.372,0.133,0.875,0.344
SKU000075,3964419329556,Organic Fresh 569,Fresh produce,GreenValley,1L,kg,5.41,3.68,0.32,13,3,V614,24,0.43,0.165,1.393,0.012
SKU000076,3420270218499,Lite Fresh 431,Fresh produce,FarmHouse,single,L,6.46,5.1,0.211,13,1,V922,24,1.284,0.488,1.095,0.325
SKU000077,3818237602666,Classic Fresh 661,Fresh produce,LocalHarvest,1L,kg,3.66,2.67,0.27,12,2,V410,6,0.616,0.278,0.953,0.018
SKU000078,5034630937359,Extra Fresh 816,Fresh produce,LocalHarvest,250ml,L,3.01,1.82,0.395,4,3,V607,48,1.167,0.517,1.036,0.028
SKU000079,8352276461737,Extra Fresh 128,Fresh produce,GreenValley,bag,ea,7.66,5.02,0.345,11,3,V676,1,1.257,0.562,1.189,0.06
SKU000080,2044328770763,Classic Fresh 243,Fresh produce,FarmHouse,500g,L,2.23,1.53,0.314,7,1,V347,48,2.542,1.211,0.803,0.005
SKU000081,6879267880414,Family Pack Fresh 75,Fresh produce,OrchardSelect,1L,L,4.45,3.08,0.308,10,2,V909,48,0.38,0.155,0.98,0.045
SKU000082,7369582140197,Original Fresh 811,Fresh produce,FarmHouse,single,kg,7.92,5.19,0.345,8,2,V450,6,3.758,1.208,0.82,0.179
SKU000083,4788332911761,Family Pack Fresh 811,Fresh produce,OrchardSelect,box,L,3.66,2.02,0.448,7,2,V336,6,1.455,0.731,0.782,0.141
SKU000084,2976970740836,Extra Fresh 191,Fresh produce,FarmHouse,250g,ea,5.79,3.57,0.383,4,1,V949,24,1.382,0.532,1.243,0.115
SKU000085,6589489056148,Premium Fresh 734,Fresh produce,LocalHarvest,box,L,1.56,0.91,0.417,5,1,V862,48,294.686,121.639,1.28,0.014
SKU000086,7767633377055,Classic Fresh 804,Fresh produce,LocalHarvest,tub,kg,2.05,1.24,0.395,5,3,V312,1,1.367,0.396,1.006,0.101
SKU000087,7452620076538,Family Pack Fresh 426,Fresh produce,OrchardSelect,bag,ea,0.52,0.41,0.212,11,1,V955,1,0.338,0.201,0.675,0.14
SKU000088,6058034481409,Extra Fresh 808,Fresh produce,OrchardSelect,1kg,L,0.81,0.51,0.37,6,3,V585,48,11.554,4.886,0.961,0.043
SKU000089,7602080652649,Lite Fresh 860,Fresh produce,FarmHouse,500ml,L,6.8,4.89,0.281,12,2,V228,48,0.368,0.1,1.117,0.27
SKU000090,5738592962488,Extra Fresh 631,Fresh produce,FarmHouse,500g,kg,3.9,2.86,0.267,4,3,V164,12,0.481,0.167,0.858,0.017
SKU000091,2280174743767,Family Pack Fresh 969,Fresh produce,OrchardSelect,250g,ea,6.36,3.74,0.412,11,2,V385,1,0.898,0.269,1.078,0.028
SKU000092,6045360267005,Family Pack Fresh 344,Fresh produce,LocalHarvest,500g,ea,1.18,0.78,0.339,12,3,V464,48,0.434,0.231,0.627,0.136
SKU000093,6354926621075,Family Pack Fresh 335,Fresh produce,LocalHarvest,500ml,L,7.43,5.08,0.316,11,1,V942,6,0.372,0.182,0.891,0.199
SKU000094,3078638921186,Organic Fresh 332,Fresh produce,FarmHouse,500g,L,5.22,4.22,0.192,7,2,V274,1,0.737,0.149,1.045,0.065
SKU000095,7658644827509,Organic Fresh 518,Fresh produce,LocalHarvest,bag,L,0.6,0.44,0.267,8,3,V897,48,0.346,0.123,1.08,0.039
SKU000096,5380087532838,Lite Fresh 981,Fresh produce,OrchardSelect,500ml,ea,4.52,2.67,0.409,12,1,V775,12,0.755,0.381,1.235,0.216
SKU000097,2073767653294,Premium Fresh 580,Fresh produce,OrchardSelect,single,L,7.69,6.44,0.163,3,2,V953,1,4.531,1.851,1.031,0.018
SKU000098,8201553252529,Premium Fresh 498,Fresh produce,GreenValley,500g,L,6.0,4.56,0.24,7,2,V837,48,7.121,1.725,1.072,0.029
SKU000099,8219702921116,Family Pack Fresh 230,Fresh produce,LocalHarvest,1kg,ea,3.16,2.43,0.231,4,3,V739,1,25.504,13.675,1.053,0.066
SKU000100,6581847942505,Classic Fresh 20,Fresh produce,GreenValley,500g,kg,1.81,1.17,0.354,8,1,V910,12,1.182,0.596,0.968,0.082
SKU000101,2593704493998,Original Fresh 776,Fresh produce,GreenValley,1L,ea,0.98,0.7,0.286,10,3,V218,1,5.72,2.083,1.14,0.16
SKU000102,2129227478112,Value Fresh 32,Fresh produce,FarmHouse,tub,L,1.99,1.68,0.156,5,1,V674,48,0.483,0.111,1.168,0.042
SKU000103,5259938575689,Family Pack Fresh 873,Fresh produce,OrchardSelect,1L,kg,6.81,4.88,0.283,10,1,V372,1,0.448,0.13,1.18,0.112
SKU000104,3302992349700,Family Pack Fresh 763,Fresh produce,LocalHarvest,1L,L,7.71,5.74,0.256,7,2,V586,12,0.59,0.208,0.866,0.022
SKU000105,3671916645842,Premium Fresh 176,Fresh produce,GreenValley,single,ea,6.64,3.85,0.42,9,2,V191,24,0.468,0.26,1.221,0.165
SKU000106,6837538759941,Premium Fresh 272,Fresh produce,GreenValley,250ml,kg,3.81,2.76,0.276,14,1,V331,48,1.934,0.916,1.087,0.201
SKU000107,8412090390615,Value Fresh 817,Fresh produce,FarmHouse,box,kg,2.81,1.76,0.374,11,1,V646,1,3.338,1.738,1.115,0.064
SKU000108,5894874667476,Family Pack Fresh 766,Fresh produce,FarmHouse,250ml,ea,3.08,2.58,0.162,12,1,V194,1,1.973,0.894,1.105,0.006
SKU000109,3767567642708,Extra Fresh 301,Fresh produce,FarmHouse,single,L,1.61,1.01,0.373,5,3,V305,24,0.622,0.367,0.753,0.233
SKU000110,6219232157615,Value Fresh 796,Fresh produce,FarmHouse,1kg,L,4.48,3.31,0.261,5,3,V642,48,0.362,0.14,1.087,0.003
SKU000111,3977793343067,Extra Fresh 791,Fresh produce,FarmHouse,500g,ea,6.63,4.1,0.382,8,2,V620,12,0.353,0.1,0.861,0.121
SKU000112,2007767075466,Lite Fresh 460,Fresh produce,GreenValley,500ml,kg,7.11,4.8,0.325,12,2,V462,24,1.625,0.923,0.941,0.135
SKU000113,5798817886064,Family Pack Fresh 820,Fresh produce,OrchardSelect,500ml,L,3.67,2.76,0.248,11,1,V479,48,1.272,0.261,1.131,0.329
SKU000114,2425466507078,Family Pack Fresh 321,Fresh produce,FarmHouse,box,L,1.36,0.91,0.331,7,1,V589,6,0.379,0.223,1.104,0.008
SKU000115,4721548073089,Extra Fresh 932,Fresh produce,LocalHarvest,250g,kg,0.95,0.69,0.274,13,3,V209,48,0.531,0.186,0.809,0.085
SKU000116,4097497121611,Family Pack Fresh 639,Fresh produce,GreenValley,1kg,kg,6.93,4.15,0.401,8,3,V352,48,1.532,0.77,1.026,0.185
SKU000117,8805841467785,Organic Fresh 777,Fresh produce,OrchardSelect,bag,kg,4.86,2.95,0.393,13,1,V237,12,0.618,0.16,1.135,0.103
SKU000118,2801988375520,Original Fresh 175,Fresh produce,OrchardSelect,250ml,kg,1.25,0.92,0.264,9,2,V245,48,0.333,0.163,1.037,0.004
SKU000119,3795677630665,Extra Fresh 409,Fresh produce,LocalHarvest,tub,L,2.95,2.13,0.278,7,3,V814,48,0.661,0.193,0.933,0.227
SKU000120,5201343919769,Original Fresh 36,Fresh produce,LocalHarvest,500ml,L,6.44,3.71,0.424,4,2,V469,1,0.342,0.146,0.972,0.311
SKU000121,4296826849605,Extra Fresh 201,Fresh produce,OrchardSelect,box,L,7.75,6.29,0.188,13,1,V634,6,6.743,1.467,0.903,0.079
SKU000122,6136908309102,Extra Fresh 849,Fresh produce,OrchardSelect,single,ea,5.93,4.43,0.253,7,1,V889,12,0.321,0.133,0.904,0.004
SKU000123,4260586461486,Value Fresh 176,Fresh produce,LocalHarvest,1L,ea,1.64,1.24,0.244,10,1,V994,6,8.735,3.899,1.113,0.009
SKU000124,6369272621575,Lite Fresh 457,Fresh produce,FarmHouse,single,ea,4.57,3.15,0.311,9,1,V828,1,0.522,0.174,0.865,0.066
SKU000125,6567969808461,Extra Fresh 176,Fresh produce,GreenValley,1kg,ea,1.78,1.08,0.393,9,3,V996,48,0.796,0.474,0.968,0.126
SKU000126,5993734414208,Premium Fresh 865,Fresh produce,OrchardSelect,single,L,4.02,3.38,0.159,10,1,V953,6,0.348,0.1,1.037,0.2
SKU000127,3126278624509,Classic Fresh 773,Fresh produce,OrchardSelect,500g,ea,0.86,0.59,0.314,5,1,V907,48,0.484,0.195,1.177,0.201
SKU000128,7724952486232,Premium Fresh 298,Fresh produce,GreenValley,250ml,ea,3.7,2.88,0.222,6,3,V909,12,1.748,0.382,0.967,0.188
SKU000129,2347594003464,Organic Fresh 42,Fresh produce,OrchardSelect,250ml,L,7.28,6.17,0.152,9,3,V455,12,0.394,0.107,0.87,0.124
SKU000130,4446510460216,Extra Fresh 577,Fresh produce,GreenValley,250g,ea,3.19,1.86,0.417,8,2,V318,48,0.549,0.297,0.995,0.103
SKU000131,8931430611536,Organic Fresh 32,Fresh produce,LocalHarvest,500ml,ea,5.48,3.45,0.37,8,3,V561,48,1.633,0.513,1.041,0.041
SKU000132,7002583757937,Value Fresh 182,Fresh produce,LocalHarvest,single,L,4.28,3.49,0.185,11,3,V704,24,0.338,0.169,1.172,0.066
SKU000133,8627484595059,Lite Fresh 344,Fresh produce,LocalHarvest,250ml,L,3.29,2.25,0.316,14,3,V335,12,1.24,0.491,1.116,0.223
SKU000134,8998473322595,Value Fresh 948,Fresh produce,OrchardSelect,1kg,ea,7.8,6.05,0.224,13,3,V845,12,0.433,0.15,0.907,0.061
SKU000135,2394160249025,Classic Fresh 524,Fresh produce,GreenValley,1kg,ea,2.25,1.64,0.271,11,3,V670,48,0.405,0.136,1.201,0.186
SKU000136,4613969927746,Extra Fresh 453,Fresh produce,GreenValley,box,kg,5.47,3.27,0.402,6,3,V512,12,0.333,0.171,0.921,0.085
SKU000137,6236063102671,Family Pack Fresh 439,Fresh produce,OrchardSelect,tub,ea,7.63,5.17,0.322,14,2,V647,1,0.818,0.179,0.819,0.041
SKU000138,8320397387367,Value Fresh 641,Fresh produce,GreenValley,tub,kg,0.78,0.44,0.436,13,1,V540,1,0.407,0.1,0.717,0.134
SKU000139,8220906851548,Premium Fresh 899,Fresh produce,OrchardSelect,tub,kg,1.03,0.6,0.417,8,2,V746,6,0.396,0.195,1.139,0.007
SKU000140,3645738404714,Family Pack Fresh 45,Fresh produce,FarmHouse,250ml,ea,4.45,2.51,0.436,13,1,V708,12,1.132,0.516,1.103,0.387
SKU000141,3799902396986,Classic Fresh 714,Fresh produce,OrchardSelect,tub,ea,2.16,1.23,0.431,10,3,V851,1,1.95,0.694,0.815,0.102
SKU000142,3390175626915,Extra Fresh 334,Fresh produce,GreenValley,1kg,L,2.0,1.25,0.375,3,2,V764,24,0.355,0.12,1.182,0.068
SKU000143,5008795883652,Extra Fresh 360,Fresh produce,OrchardSelect,box,L,7.35,4.53,0.384,6,2,V972,48,1.557,0.783,1.14,0.187
SKU000144,8951217183480,Premium Fresh 29,Fresh produce,LocalHarvest,bag,L,6.29,4.73,0.248,11,2,V394,1,4.193,2.123,1.203,0.129
SKU000145,7101535657366,Organic Fresh 704,Fresh produce,FarmHouse,250g,ea,5.81,3.43,0.41,4,3,V811,24,0.465,0.146,1.233,0.044
SKU000146,4373212188304,Family Pack Fresh 686,Fresh produce,FarmHouse,single,L,4.5,2.65,0.411,8,2,V261,6,4.121,1.534,0.879,0.049
SKU000147,8184368071526,Extra Fresh 995,Fresh produce,OrchardSelect,500ml,L,5.61,3.28,0.415,5,2,V735,24,0.516,0.196,1.129,0.267
SKU000148,5745110953256,Value Fresh 315,Fresh produce,LocalHarvest,500ml,kg,6.39,5.24,0.18,7,3,V292,6,7.326,3.687,0.8,0.007
SKU000149,8981595497414,Lite Fresh 753,Fresh produce,FarmHouse,box,L,6.51,4.15,0.363,10,2,V732,24,0.504,0.139,1.076,0.352
SKU000150,3236555221419,Classic Fresh 665,Fresh produce,GreenValley,1L,kg,3.32,1.87,0.437,10,1,V475,12,1.704,0.885,0.876,0.0
SKU000151,2733269090876,Premium Fresh 758,Fresh produce,LocalHarvest,1kg,kg,7.5,5.81,0.225,11,1,V515,1,0.651,0.357,0.787,0.025
SKU000152,7746814226710,Value Fresh 950,Fresh produce,LocalHarvest,500g,L,5.3,4.4,0.17,3,2,V274,12,0.753,0.37,0.955,0.149
SKU000153,4441676292842,Family Pack Fresh 643,Fresh produce,LocalHarvest,250ml,L,6.63,5.03,0.241,11,3,V140,48,2.497,0.729,1.149,0.023
SKU000154,7439140567678,Lite Fresh 353,Fresh produce,LocalHarvest,500ml,L,3.0,1.95,0.35,3,1,V425,48,0.66,0.296,0.973,0.215
SKU000155,4891994073910,Value Fresh 464,Fresh produce,FarmHouse,500ml,ea,5.46,3.42,0.374,13,3,V983,12,0.355,0.126,0.953,0.034
SKU000156,7926998774973,Lite Fresh 626,Fresh produce,GreenValley,bag,ea,1.39,1.03,0.259,9,3,V111,24,0.402,0.237,0.975,0.245
SKU000157,4201668105494,Extra Fresh 798,Fresh produce,FarmHouse,500ml,kg,2.09,1.4,0.33,4,3,V303,12,0.428,0.186,0.716,0.258
SKU000158,8104681765757,Classic Fresh 800,Fresh produce,OrchardSelect,1kg,kg,2.16,1.66,0.231,14,1,V297,48,0.345,0.1,0.958,0.051
SKU000159,2180990959887,Family Pack Fresh 236,Fresh produce,FarmHouse,500ml,L,5.46,4.12,0.245,10,2,V430,6,0.399,0.1,0.739,0.045
SKU000160,5525130017333,Premium Fresh 253,Fresh produce,GreenValley,1kg,L,2.67,1.67,0.375,12,2,V970,1,1.55,0.629,1.055,0.029
SKU000161,7184481781001,Extra Dairy 768,Dairy & eggs,DairyPure,bag,ea,1.24,0.82,0.339,9,3,V759,24,0.359,0.165,0.963,0.17
SKU000162,8601662699926,Original Dairy 323,Dairy & eggs,Laitier,box,L,5.55,3.9,0.297,14,1,V110,24,0.892,0.379,0.913,0.02
SKU000163,5643483016865,Classic Dairy 40,Dairy & eggs,CreamCo,250g,kg,3.58,2.19,0.388,14,2,V126,48,1.713,0.52,0.981,0.028
SKU000164,4040998489682,Family Pack Dairy 481,Dairy & eggs,DairyPure,single,L,5.49,3.58,0.348,17,3,V100,6,0.416,0.1,0.819,0.091
SKU000165,2685986177844,Extra Dairy 786,Dairy & eggs,CreamCo,tub,L,5.39,3.49,0.353,20,2,V764,12,0.352,0.12,0.805,0.116
SKU000166,6683345229685,Original Dairy 635,Dairy & eggs,EggsPress,250g,kg,5.96,4.54,0.238,19,1,V695,6,0.599,0.242,0.909,0.058
SKU000167,6268836517278,Family Pack Dairy 278,Dairy & eggs,DairyPure,tub,kg,1.06,0.85,0.198,8,3,V224,1,0.325,0.11,0.918,0.088
SKU000168,8888160090556,Premium Dairy 992,Dairy & eggs,CreamCo,1L,L,3.31,2.16,0.347,12,3,V800,12,0.383,0.182,1.124,0.158
SKU000169,4247618515573,Lite Dairy 584,Dairy & eggs,EggsPress,1kg,kg,4.86,3.64,0.251,7,1,V414,48,1.396,0.408,1.258,0.061
SKU000170,4038253317687,Classic Dairy 73,Dairy & eggs,DairyPure,250g,L,2.81,2.17,0.228,9,1,V889,12,0.586,0.258,1.237,0.241
SKU000171,7111449992780,Organic Dairy 428,Dairy & eggs,CreamCo,single,L,4.78,3.27,0.316,16,1,V809,1,2.094,0.799,1.175,0.182
SKU000172,6281461098268,Value Dairy 683,Dairy & eggs,CreamCo,500ml,ea,3.13,2.38,0.24,8,1,V722,1,4.421,2.485,1.178,0.04
SKU000173,5464328699617,Extra Dairy 190,Dairy & eggs,DairyPure,500g,kg,3.63,2.69,0.259,20,4,V509,48,0.78,0.405,0.978,0.158
SKU000174,2359888857103,Premium Dairy 119,Dairy & eggs,Laitier,500g,ea,5.78,4.59,0.206,11,1,V477,1,0.971,0.425,0.941,0.055
SKU000175,2673191677901,Premium Dairy 334,Dairy & eggs,CreamCo,bag,L,1.67,1.35,0.192,15,3,V401,24,0.35,0.141,1.13,0.111
SKU000176,4595647309332,Value Dairy 292,Dairy & eggs,CreamCo,box,kg,2.71,2.25,0.17,11,4,V864,24,1.849,0.593,0.997,0.027
SKU000177,4460451108142,Premium Dairy 826,Dairy & eggs,EggsPress,500ml,kg,4.28,3.5,0.182,12,2,V845,48,1.199,0.44,1.138,0.033
SKU000178,4933007074517,Organic Dairy 151,Dairy & eggs,Laitier,tub,L,1.91,1.07,0.44,19,3,V642,24,0.319,0.191,1.005,0.166
SKU000179,8222986429707,Lite Dairy 689,Dairy & eggs,CreamCo,1kg,L,4.69,2.83,0.397,15,1,V938,12,1.42,0.326,1.174,0.303
SKU000180,6524992951323,Value Dairy 784,Dairy & eggs,CreamCo,500ml,kg,2.64,1.72,0.348,9,2,V570,24,0.377,0.1,0.999,0.105
SKU000181,8142674993318,Classic Dairy 547,Dairy & eggs,CreamCo,250g,ea,1.63,0.98,0.399,14,1,V702,48,0.597,0.21,0.971,0.018
SKU000182,4853144685607,Family Pack Dairy 342,Dairy & eggs,CreamCo,box,ea,4.21,2.41,0.428,20,3,V409,24,21.618,8.194,0.848,0.006
SKU000183,7398733170502,Lite Dairy 140,Dairy & eggs,Laitier,250ml,L,5.14,3.55,0.309,20,3,V892,1,1.602,0.685,1.17,0.043
SKU000184,7090764474193,Lite Dairy 190,Dairy & eggs,Laitier,1L,L,2.92,1.96,0.329,16,4,V838,12,3.353,0.745,1.416,0.235
SKU000185,5616504528565,Original Dairy 704,Dairy & eggs,DairyPure,box,kg,2.09,1.33,0.364,20,3,V624,1,1.016,0.346,1.155,0.008
SKU000186,2741157014881,Classic Dairy 701,Dairy & eggs,EggsPress,500g,ea,4.43,3.67,0.172,17,2,V165,48,3.838,1.227,1.238,0.011
SKU000187,4481113639098,Lite Dairy 566,Dairy & eggs,CreamCo,tub,L,4.0,2.75,0.312,15,2,V699,1,1.342,0.325,0.93,0.077
SKU000188,2749321140942,Organic Dairy 977,Dairy & eggs,EggsPress,box,kg,2.46,2.09,0.15,8,2,V675,1,0.336,0.19,1.22,0.188
SKU000189,8821393458184,Lite Dairy 575,Dairy & eggs,EggsPress,single,kg,4.47,3.76,0.159,15,1,V498,6,0.358,0.162,1.092,0.023
SKU000190,7959626171885,Original Dairy 547,Dairy & eggs,Laitier,tub,L,3.51,2.57,0.268,14,2,V294,12,0.687,0.373,0.886,0.08
SKU000191,5881437993381,Value Dairy 74,Dairy & eggs,EggsPress,500ml,L,2.76,2.26,0.181,7,3,V485,48,0.396,0.216,1.292,0.047
SKU000192,2004613818045,Extra Dairy 246,Dairy & eggs,Laitier,single,kg,1.6,1.35,0.156,20,3,V136,6,4.991,2.6,1.013,0.074
SKU000193,8492733234755,Original Dairy 687,Dairy & eggs,EggsPress,500g,L,2.77,1.79,0.354,8,1,V495,12,0.449,0.136,1.119,0.133
SKU000194,6451755264481,Original Dairy 413,Dairy & eggs,CreamCo,tub,L,5.29,3.14,0.406,13,2,V633,1,1.15,0.293,0.844,0.171
SKU000195,4684463188629,Premium Dairy 715,Dairy & eggs,EggsPress,500g,kg,1.13,0.91,0.195,12,2,V658,48,1.458,0.867,1.052,0.053
SKU000196,6623617187442,Classic Dairy 514,Dairy & eggs,CreamCo,tub,L,3.06,1.88,0.386,13,2,V944,24,0.443,0.152,1.277,0.032
SKU000197,2133669325415,Family Pack Dairy 46,Dairy & eggs,CreamCo,250g,L,5.8,4.6,0.207,8,4,V972,12,0.738,0.21,0.953,0.159
SKU000198,8766126205430,Extra Dairy 996,Dairy & eggs,Laitier,tub,kg,2.68,1.95,0.272,21,2,V889,6,0.894,0.241,1.037,0.006
SKU000199,3384848547057,Value Dairy 843,Dairy & eggs,DairyPure,250g,L,5.69,4.69,0.176,15,4,V540,12,0.441,0.256,0.91,0.247
SKU000200,2524534145631,Premium Dairy 673,Dairy & eggs,DairyPure,single,L,3.61,2.92,0.191,16,2,V381,12,0.612,0.158,1.022,0.045
SKU000201,5241314669424,Organic Dairy 938,Dairy & eggs,EggsPress,box,L,5.85,4.66,0.203,12,1,V209,12,0.609,0.221,1.227,0.016
SKU000202,4325755762960,Extra Dairy 356,Dairy & eggs,DairyPure,bag,kg,1.15,0.92,0.2,12,4,V110,1,2.797,1.263,1.031,0.153
SKU000203,7059000292090,Original Dairy 749,Dairy & eggs,EggsPress,tub,L,4.34,2.74,0.369,21,1,V831,6,0.335,0.195,0.912,0.019
SKU000204,7628664067455,Value Dairy 338,Dairy & eggs,Laitier,250ml,ea,2.4,1.36,0.433,20,4,V140,12,16.49,6.998,0.958,0.106
SKU000205,3928675539040,Original Dairy 545,Dairy & eggs,DairyPure,tub,L,4.53,3.85,0.15,12,4,V783,24,0.803,0.187,0.905,0.13
SKU000206,4682306458967,Lite Dairy 164,Dairy & eggs,Laitier,250g,kg,4.33,2.69,0.379,9,2,V474,24,4.925,2.043,0.922,0.168
SKU000207,4980666849155,Extra Dairy 830,Dairy & eggs,EggsPress,500ml,kg,3.5,2.77,0.209,17,3,V686,24,0.665,0.202,0.935,0.066
SKU000208,6266671995013,Premium Dairy 477,Dairy & eggs,DairyPure,tub,kg,5.42,4.02,0.258,8,4,V788,1,1.122,0.441,1.22,0.002
SKU000209,8337172628632,Original Dairy 828,Dairy & eggs,Laitier,1kg,kg,2.62,2.07,0.21,14,2,V327,48,29.92,11.057,1.012,0.023
SKU000210,6752936136742,Lite Dairy 27,Dairy & eggs,CreamCo,single,ea,2.68,1.93,0.28,21,3,V426,1,0.488,0.215,1.014,0.108
SKU000211,5019568081755,Original Dairy 95,Dairy & eggs,DairyPure,1L,L,3.85,2.92,0.242,8,1,V298,48,0.794,0.406,0.871,0.032
SKU000212,8128761823194,Premium Dairy 279,Dairy & eggs,Laitier,1kg,ea,4.87,3.38,0.306,7,1,V932,12,3.132,0.931,1.011,0.234
SKU000213,5313624848054,Organic Dairy 781,Dairy & eggs,EggsPress,box,kg,3.4,2.87,0.156,21,3,V930,24,5.551,1.188,0.999,0.053
SKU000214,3737041464553,Classic Dairy 418,Dairy & eggs,EggsPress,250ml,L,4.73,3.31,0.3,21,4,V991,12,9.477,2.898,1.006,0.007
SKU000215,5621335138632,Extra Dairy 843,Dairy & eggs,EggsPress,bag,L,2.71,1.99,0.266,19,3,V563,24,0.721,0.174,1.051,0.138
SKU000216,5714641193292,Value Dairy 861,Dairy & eggs,Laitier,single,ea,5.59,4.16,0.256,18,4,V827,12,1.299,0.334,0.983,0.128
SKU000217,4560988353755,Lite Dairy 109,Dairy & eggs,DairyPure,single,L,4.78,3.18,0.335,17,2,V257,6,0.597,0.232,0.711,0.277
SKU000218,7019294084308,Value Dairy 122,Dairy & eggs,EggsPress,tub,kg,1.62,1.1,0.321,15,2,V317,6,0.525,0.304,1.281,0.222
SKU000219,3597110504636,Premium Dairy 472,Dairy & eggs,CreamCo,250ml,ea,3.17,2.59,0.183,12,2,V214,6,0.468,0.117,0.992,0.081
SKU000220,2386615663056,Family Pack Dairy 791,Dairy & eggs,CreamCo,bag,ea,1.12,0.92,0.179,17,2,V687,12,1.824,0.647,1.062,0.052
SKU000221,5780787160147,Family Pack Dairy 762,Dairy & eggs,DairyPure,1kg,kg,5.81,4.88,0.16,15,4,V659,1,0.377,0.127,0.947,0.026
SKU000222,5567056739609,Organic Dairy 235,Dairy & eggs,Laitier,250g,ea,4.07,3.1,0.238,21,4,V186,12,1.002,0.254,1.255,0.087
SKU000223,5632381818538,Value Dairy 492,Dairy & eggs,EggsPress,box,L,1.44,0.98,0.319,21,4,V401,24,2.524,1.356,0.857,0.193
SKU000224,8393585120165,Lite Dairy 390,Dairy & eggs,Laitier,tub,kg,2.74,1.89,0.31,12,1,V220,6,0.474,0.145,1.036,0.016
SKU000225,8860145446494,Value Dairy 448,Dairy & eggs,CreamCo,500g,kg,5.4,3.68,0.319,21,3,V598,24,1.229,0.307,1.22,0.049
SKU000226,5761994858156,Organic Dairy 315,Dairy & eggs,EggsPress,500ml,kg,4.39,2.58,0.412,11,4,V924,24,0.843,0.427,1.029,0.117
SKU000227,8019294509715,Organic Dairy 414,Dairy & eggs,DairyPure,250g,ea,4.44,3.02,0.32,15,4,V458,1,30.983,18.176,0.928,0.208
SKU000228,3144869811481,Classic Dairy 637,Dairy & eggs,EggsPress,1kg,kg,5.5,4.54,0.175,10,3,V289,48,0.465,0.193,1.135,0.49
SKU000229,7533658008774,Family Pack Dairy 810,Dairy & eggs,Laitier,500g,ea,2.77,2.32,0.162,10,2,V290,1,0.804,0.174,1.027,0.138
SKU000230,4281647453383,Extra Dairy 434,Dairy & eggs,DairyPure,500ml,L,2.21,1.27,0.425,14,4,V475,6,0.656,0.377,1.04,0.073
SKU000231,7349352948047,Organic Dairy 318,Dairy & eggs,Laitier,tub,ea,1.27,0.97,0.236,20,2,V393,48,2.195,0.611,0.661,0.172
SKU000232,6247976709154,Extra Dairy 652,Dairy & eggs,CreamCo,250g,L,5.28,3.47,0.343,7,4,V223,24,0.519,0.119,1.073,0.057
SKU000233,3999137413267,Classic Dairy 532,Dairy & eggs,Laitier,250ml,kg,3.28,2.28,0.305,17,4,V725,48,0.926,0.445,1.036,0.08
SKU000234,5923653716267,Classic Dairy 4,Dairy & eggs,DairyPure,1kg,ea,1.53,1.17,0.235,7,2,V755,1,1.036,0.617,1.153,0.1
SKU000235,2095571836930,Premium Dairy 301,Dairy & eggs,EggsPress,250ml,ea,5.53,3.72,0.327,10,3,V573,12,0.442,0.115,1.002,0.165
SKU000236,2139486241782,Lite Dairy 648,Dairy & eggs,Laitier,250g,ea,2.61,2.15,0.176,12,2,V344,1,0.646,0.3,1.288,0.08
SKU000237,5357462224380,Classic Dairy 231,Dairy & eggs,EggsPress,500ml,kg,3.59,2.8,0.22,9,3,V747,1,1.405,0.34,1.16,0.001
SKU000238,8931078325817,Premium Dairy 234,Dairy & eggs,Laitier,1L,ea,3.98,2.94,0.261,17,4,V334,6,0.361,0.126,0.839,0.089
SKU000239,5909070184772,Family Pack Dairy 316,Dairy & eggs,CreamCo,500g,L,3.19,2.4,0.248,16,1,V758,24,0.547,0.282,1.167,0.169
SKU000240,3281082197897,Extra Dairy 625,Dairy & eggs,DairyPure,bag,kg,5.11,4.25,0.168,16,2,V915,24,0.699,0.352,1.032,0.003
SKU000241,6168598375645,Extra Dairy 328,Dairy & eggs,Laitier,1L,kg,1.11,0.61,0.45,19,3,V854,48,2.352,1.106,1.284,0.305
SKU000242,7223779558594,Premium Dairy 71,Dairy & eggs,CreamCo,bag,kg,3.71,2.2,0.407,12,4,V535,24,0.875,0.411,0.947,0.074
SKU000243,3460486206325,Organic Dairy 784,Dairy & eggs,DairyPure,1kg,kg,3.87,2.56,0.339,14,2,V523,48,3.261,0.788,1.121,0.105
SKU000244,6301386501474,Original Dairy 176,Dairy & eggs,EggsPress,box,kg,5.36,4.14,0.228,14,3,V948,24,0.828,0.364,0.758,0.084
SKU000245,5898099861978,Premium Dairy 998,Dairy & eggs,Laitier,500g,kg,5.25,3.48,0.337,11,3,V401,1,0.369,0.166,1.153,0.044
SKU000246,2805151987600,Lite Dairy 780,Dairy & eggs,Laitier,single,ea,5.57,4.47,0.197,8,4,V186,1,0.6,0.168,1.365,0.026
SKU000247,5684211817042,Premium Dairy 829,Dairy & eggs,DairyPure,250g,L,1.52,1.26,0.171,10,1,V980,6,0.536,0.319,1.13,0.169
SKU000248,2464922582256,Value Dairy 852,Dairy & eggs,CreamCo,250g,L,3.17,2.26,0.287,10,1,V683,24,0.785,0.32,1.138,0.135
SKU000249,4216864168062,Premium Dairy 23,Dairy & eggs,CreamCo,250ml,L,3.08,2.53,0.179,14,2,V835,6,0.447,0.112,0.944,0.215
SKU000250,5952867496210,Family Pack Dairy 210,Dairy & eggs,CreamCo,250ml,ea,5.97,3.48,0.417,18,2,V959,48,2.044,1.033,1.048,0.013
SKU000251,6919947076046,Lite Dairy 902,Dairy & eggs,EggsPress,1L,ea,5.43,4.43,0.184,12,2,V352,12,0.344,0.199,0.849,0.034
SKU000252,4264818215656,Organic Dairy 839,Dairy & eggs,DairyPure,250g,L,3.29,2.67,0.188,9,1,V561,24,0.347,0.152,0.943,0.109
SKU000253,4738961252297,Classic Dairy 462,Dairy & eggs,EggsPress,500g,kg,4.49,2.89,0.356,16,3,V958,48,0.459,0.235,0.753,0.033
SKU000254,2027780884023,Family Pack Dairy 822,Dairy & eggs,CreamCo,box,ea,4.93,2.91,0.41,12,3,V918,24,1.274,0.382,1.122,0.046
SKU000255,3042813315830,Lite Dairy 306,Dairy & eggs,CreamCo,250ml,L,5.48,4.04,0.263,19,4,V442,48,0.558,0.244,1.356,0.128
SKU000256,6656612782937,Extra Dairy 752,Dairy & eggs,DairyPure,box,kg,5.49,3.65,0.335,14,1,V546,6,1.09,0.306,1.034,0.228
SKU000257,2706904639654,Extra Dairy 190,Dairy & eggs,CreamCo,500g,L,5.83,3.53,0.395,21,2,V528,1,1.433,0.817,1.018,0.116
SKU000258,3485633890039,Classic Dairy 362,Dairy & eggs,DairyPure,bag,kg,1.66,1.2,0.277,10,3,V632,1,0.901,0.354,1.074,0.041
SKU000259,8508439832455,Classic Dairy 996,Dairy & eggs,DairyPure,500g,kg,5.79,4.68,0.192,16,3,V180,48,0.398,0.185,1.163,0.02
SKU000260,3292786920024,Premium Dairy 438,Dairy & eggs,DairyPure,tub,ea,5.41,3.94,0.272,11,1,V385,1,0.54,0.214,0.938,0.471
SKU000261,6912043881760,Premium Dairy 842,Dairy & eggs,EggsPress,1L,ea,4.0,2.44,0.39,7,3,V875,12,0.607,0.191,0.955,0.067
SKU000262,3788383029399,Classic Dairy 901,Dairy & eggs,EggsPress,box,kg,4.41,3.54,0.197,21,3,V283,24,0.349,0.108,1.03,0.157
SKU000263,6593995251363,Lite Dairy 381,Dairy & eggs,CreamCo,250ml,kg,4.24,2.88,0.321,14,1,V952,1,1.618,0.967,1.13,0.013
SKU000264,8709043639092,Extra Dairy 210,Dairy & eggs,EggsPress,1L,ea,2.46,1.9,0.228,14,1,V518,1,0.439,0.122,1.093,0.371
SKU000265,6869662681652,Family Pack Dairy 463,Dairy & eggs,EggsPress,500g,kg,5.02,2.85,0.432,19,4,V936,1,0.611,0.138,1.055,0.132
SKU000266,3513802367401,Extra Dairy 540,Dairy & eggs,DairyPure,bag,L,4.39,3.6,0.18,17,3,V910,48,1.014,0.484,1.069,0.214
SKU000267,3294528713939,Lite Dairy 77,Dairy & eggs,DairyPure,1L,kg,3.01,2.03,0.326,18,3,V588,6,1.323,0.664,1.051,0.031
SKU000268,3955548359585,Extra Dairy 654,Dairy & eggs,Laitier,1L,kg,4.89,2.71,0.446,19,2,V139,48,0.537,0.113,0.794,0.043
SKU000269,4042750457848,Extra Dairy 543,Dairy & eggs,Laitier,1L,kg,3.13,2.62,0.163,18,4,V932,24,0.589,0.28,1.238,0.102
SKU000270,6089135413459,Original Dairy 857,Dairy & eggs,CreamCo,box,L,5.91,3.79,0.359,13,2,V987,1,0.503,0.263,0.852,0.076
SKU000271,8198283459097,Classic Dairy 867,Dairy & eggs,Laitier,1L,kg,2.32,1.57,0.323,9,4,V129,1,4.03,2.388,0.905,0.153
SKU000272,2017574291766,Extra Dairy 576,Dairy & eggs,CreamCo,tub,L,5.18,3.47,0.33,15,2,V676,1,0.449,0.139,0.815,0.032
SKU000273,2197051770982,Extra Dairy 868,Dairy & eggs,Laitier,bag,L,2.25,1.89,0.16,21,1,V509,24,0.35,0.177,0.867,0.123
SKU000274,3699108021710,Organic Dairy 744,Dairy & eggs,CreamCo,500ml,L,4.17,3.51,0.158,21,4,V933,6,0.74,0.265,0.933,0.021
SKU000275,6337049712277,Value Dairy 289,Dairy & eggs,DairyPure,250ml,ea,2.63,1.74,0.338,7,4,V622,24,0.367,0.115,1.016,0.088
SKU000276,2533817182498,Organic Dairy 513,Dairy & eggs,CreamCo,1kg,kg,4.64,2.82,0.392,16,3,V908,12,0.521,0.312,0.98,0.103
SKU000277,4074765969593,Family Pack Dairy 943,Dairy & eggs,CreamCo,box,ea,1.52,1.14,0.25,9,1,V246,24,2.275,0.733,1.228,0.047
SKU000278,6145428302949,Extra Dairy 994,Dairy & eggs,DairyPure,single,ea,3.03,2.56,0.155,15,1,V973,12,1.658,0.913,1.047,0.076
SKU000279,4234819110426,Premium Dairy 411,Dairy & eggs,DairyPure,500g,ea,3.07,2.56,0.166,19,3,V645,48,0.819,0.278,1.035,0.066
SKU000280,3933314585573,Family Pack Dairy 925,Dairy & eggs,DairyPure,250g,ea,5.96,4.92,0.174,7,4,V564,24,0.493,0.113,1.069,0.015
SKU000281,6723584004800,Original Meat 185,Meat & seafood,OceanBite,box,kg,16.68,10.7,0.359,10,3,V180,24,0.344,0.111,1.214,0.017
SKU000282,4077974920155,Extra Meat 820,Meat & seafood,PrimeCuts,500g,kg,6.7,4.9,0.269,8,5,V464,1,3.571,1.22,1.156,0.031
SKU000283,2497031280560,Original Meat 229,Meat & seafood,OceanBite,250ml,ea,10.29,6.34,0.384,10,1,V784,12,0.418,0.1,1.076,0.061
SKU000284,7771806666194,Value Meat 7,Meat & seafood,OceanBite,tub,ea,18.52,12.79,0.309,9,1,V127,48,1.302,0.716,0.654,0.02
SKU000285,7616923359326,Lite Meat 699,Meat & seafood,ButcherChoice,single,L,22.28,18.56,0.167,10,4,V860,6,0.458,0.144,1.007,0.042
SKU000286,7382128122350,Organic Meat 323,Meat & seafood,PrimeCuts,box,L,14.38,10.51,0.269,8,4,V297,24,0.775,0.325,0.816,0.062
SKU000287,5997586116561,Extra Meat 701,Meat & seafood,SeaGold,1L,kg,5.51,3.61,0.345,13,3,V965,24,1.484,0.418,1.096,0.111
SKU000288,2285417012417,Family Pack Meat 446,Meat & seafood,SeaGold,250g,ea,4.14,2.44,0.411,13,3,V246,24,7.693,2.712,1.211,0.186
SKU000289,4354290088652,Organic Meat 893,Meat & seafood,SeaGold,250g,ea,5.55,3.12,0.438,9,3,V367,48,0.471,0.122,0.908,0.336
SKU000290,7308565947701,Extra Meat 300,Meat & seafood,OceanBite,500ml,kg,18.88,10.47,0.445,10,4,V675,6,0.693,0.313,0.689,0.184
SKU000291,5453334692149,Value Meat 316,Meat & seafood,ButcherChoice,single,ea,14.13,10.59,0.251,13,3,V405,12,1.583,0.679,0.913,0.127
SKU000292,6353426816037,Original Meat 741,Meat & seafood,ButcherChoice,1kg,ea,19.05,15.69,0.176,7,1,V979,1,0.466,0.165,0.787,0.137
SKU000293,5077533386923,Lite Meat 54,Meat & seafood,ButcherChoice,1kg,kg,5.33,3.75,0.296,8,2,V246,48,0.378,0.105,0.919,0.168
SKU000294,2493151603760,Original Meat 825,Meat & seafood,PrimeCuts,500g,ea,6.68,5.63,0.157,10,2,V860,24,0.53,0.263,0.952,0.158
SKU000295,5541986429324,Family Pack Meat 411,Meat & seafood,ButcherChoice,single,L,2.94,1.78,0.395,7,1,V548,12,0.736,0.174,0.913,0.201
SKU000296,3795403140593,Lite Meat 925,Meat & seafood,SeaGold,tub,L,19.02,15.6,0.18,14,1,V908,6,5.275,1.353,1.101,0.004
SKU000297,4774086686135,Classic Meat 268,Meat & seafood,ButcherChoice,1kg,L,6.27,5.07,0.191,8,4,V634,1,0.318,0.121,0.99,0.002
SKU000298,5660894765295,Value Meat 824,Meat & seafood,ButcherChoice,1kg,kg,14.01,11.62,0.171,6,5,V762,6,0.464,0.222,0.725,0.112
SKU000299,2955865808094,Value Meat 428,Meat & seafood,SeaGold,single,ea,5.44,3.92,0.279,6,4,V842,12,1.331,0.692,0.812,0.036
SKU000300,8918784186182,Lite Meat 501,Meat & seafood,ButcherChoice,tub,L,6.31,4.15,0.342,14,5,V420,48,1.287,0.757,0.959,0.008
SKU000301,6099889475128,Premium Meat 776,Meat & seafood,OceanBite,500ml,ea,19.31,15.61,0.192,13,3,V805,24,0.385,0.144,1.116,0.264
SKU000302,3627356946541,Premium Meat 617,Meat & seafood,SeaGold,tub,ea,2.49,1.44,0.422,10,1,V588,1,1.356,0.543,1.058,0.147
SKU000303,7743375071457,Classic Meat 902,Meat & seafood,ButcherChoice,bag,L,9.87,8.01,0.188,5,1,V543,48,0.883,0.212,0.818,0.015
SKU000304,2782588972475,Premium Meat 216,Meat & seafood,SeaGold,250ml,ea,9.94,6.12,0.384,12,4,V161,48,20.072,8.825,0.838,0.255
SKU000305,7116984207684,Extra Meat 786,Meat & seafood,OceanBite,box,kg,24.12,19.88,0.176,8,1,V940,1,0.503,0.206,1.06,0.078
SKU000306,3473381729261,Family Pack Meat 636,Meat & seafood,SeaGold,250g,kg,11.51,9.22,0.199,8,4,V512,6,4.735,2.05,1.188,0.118
SKU000307,3672160103962,Organic Meat 874,Meat & seafood,PrimeCuts,500ml,ea,10.33,7.44,0.28,14,4,V971,48,0.842,0.339,1.159,0.044
SKU000308,8155276465898,Family Pack Meat 653,Meat & seafood,OceanBite,box,ea,16.72,10.65,0.363,14,5,V401,24,0.617,0.18,1.014,0.044
SKU000309,6874691583922,Original Meat 956,Meat & seafood,SeaGold,tub,L,14.95,10.25,0.314,13,2,V458,1,2.16,1.142,0.942,0.148
SKU000310,8674997598435,Original Meat 169,Meat & seafood,ButcherChoice,box,kg,22.06,17.99,0.184,7,2,V919,48,6.243,2.86,0.894,0.097
SKU000311,6638645682633,Lite Meat 355,Meat & seafood,ButcherChoice,single,kg,5.44,3.0,0.449,12,3,V994,24,0.333,0.192,1.193,0.073
SKU000312,3765062838164,Original Meat 932,Meat & seafood,PrimeCuts,500g,kg,3.69,2.88,0.22,7,2,V960,24,0.326,0.158,0.846,0.0
SKU000313,3769553587315,Organic Meat 490,Meat & seafood,ButcherChoice,1kg,kg,17.78,12.25,0.311,14,3,V143,1,0.726,0.285,0.833,0.086
SKU000314,4398674820090,Original Meat 41,Meat & seafood,PrimeCuts,single,kg,16.59,13.05,0.213,14,3,V254,1,0.336,0.189,0.712,0.122
SKU000315,3610438054896,Lite Meat 422,Meat & seafood,PrimeCuts,tub,L,15.8,11.64,0.263,14,2,V706,24,0.667,0.201,0.895,0.149
SKU000316,8761777936135,Lite Meat 765,Meat & seafood,PrimeCuts,1kg,L,20.82,17.33,0.168,5,1,V500,48,0.508,0.144,1.05,0.158
SKU000317,6130197000335,Lite Meat 250,Meat & seafood,ButcherChoice,250ml,L,24.09,16.38,0.32,13,1,V500,12,1.305,0.367,0.825,0.137
SKU000318,3657304380909,Lite Meat 131,Meat & seafood,ButcherChoice,single,ea,24.37,20.21,0.171,14,2,V282,12,6.568,3.182,0.672,0.144
SKU000319,6930401454732,Value Meat 677,Meat & seafood,OceanBite,500g,ea,13.48,10.07,0.253,14,2,V259,48,1.197,0.352,1.054,0.04
SKU000320,6895474413232,Premium Meat 395,Meat & seafood,ButcherChoice,bag,ea,13.61,8.83,0.351,7,4,V608,48,0.64,0.236,0.968,0.025
SKU000321,2541279961202,Classic Meat 865,Meat & seafood,SeaGold,bag,L,8.21,4.76,0.42,12,4,V100,48,0.421,0.143,1.052,0.17
SKU000322,5902710723651,Lite Meat 921,Meat & seafood,ButcherChoice,box,kg,14.51,11.19,0.229,14,1,V428,12,1.013,0.552,0.717,0.011
SKU000323,7967895816126,Classic Meat 60,Meat & seafood,PrimeCuts,250g,kg,23.92,18.43,0.23,7,1,V188,1,0.816,0.251,0.925,0.179
SKU000324,2661399766577,Premium Meat 347,Meat & seafood,ButcherChoice,500ml,ea,7.9,5.75,0.272,14,4,V308,48,2.188,0.897,0.843,0.151
SKU000325,2551344488809,Extra Meat 966,Meat & seafood,SeaGold,1L,ea,3.57,2.89,0.19,14,5,V177,6,0.792,0.238,1.12,0.27
SKU000326,6772420362369,Extra Meat 600,Meat & seafood,SeaGold,box,kg,2.44,1.44,0.41,8,1,V812,1,0.575,0.305,1.016,0.018
SKU000327,3931989190737,Classic Meat 183,Meat & seafood,OceanBite,box,kg,17.67,11.44,0.353,12,4,V781,12,0.429,0.105,1.052,0.08
SKU000328,7615309223184,Organic Meat 589,Meat & seafood,SeaGold,tub,kg,8.1,5.96,0.264,10,2,V986,1,0.484,0.288,1.015,0.2
SKU000329,6897973979533,Lite Meat 123,Meat & seafood,PrimeCuts,500g,kg,13.04,7.54,0.422,12,2,V616,48,1.528,0.594,0.63,0.046
SKU000330,5758355647198,Organic Meat 397,Meat & seafood,ButcherChoice,box,ea,12.94,7.2,0.444,5,4,V404,6,1.206,0.274,1.425,0.058
SKU000331,8430271711275,Family Pack Meat 827,Meat & seafood,ButcherChoice,1L,ea,13.8,8.6,0.377,7,1,V364,12,0.554,0.296,1.172,0.013
SKU000332,7127699722827,Lite Meat 622,Meat & seafood,OceanBite,tub,kg,8.95,7.4,0.173,13,4,V515,12,1.939,0.597,0.793,0.047
SKU000333,2354794611827,Premium Meat 307,Meat & seafood,PrimeCuts,250ml,L,15.22,12.66,0.168,5,2,V716,48,0.604,0.361,0.911,0.13
SKU000334,6474527912738,Original Meat 212,Meat & seafood,OceanBite,1kg,ea,2.89,1.79,0.381,13,4,V435,12,1.059,0.221,0.809,0.123
SKU000335,4161880093604,Classic Meat 969,Meat & seafood,PrimeCuts,1kg,kg,5.66,3.17,0.44,5,2,V301,48,107.554,52.654,1.236,0.006
SKU000336,7012755995759,Original Meat 719,Meat & seafood,SeaGold,tub,kg,9.3,7.27,0.218,8,2,V204,1,1.318,0.31,1.012,0.152
SKU000337,3374155647006,Classic Meat 747,Meat & seafood,SeaGold,1L,ea,24.47,13.97,0.429,9,4,V951,48,0.334,0.183,0.988,0.049
SKU000338,6607439607057,Original Meat 963,Meat & seafood,PrimeCuts,bag,L,18.36,11.58,0.369,10,3,V759,12,0.594,0.3,0.67,0.014
SKU000339,3765574142968,Original Meat 245,Meat & seafood,SeaGold,box,kg,5.09,3.56,0.301,12,4,V289,1,0.765,0.315,1.052,0.395
SKU000340,2225361511601,Value Meat 648,Meat & seafood,OceanBite,250ml,ea,9.77,6.31,0.354,12,5,V918,48,0.373,0.213,0.757,0.142
SKU000341,7246161336966,Lite Meat 527,Meat & seafood,PrimeCuts,tub,L,6.44,4.86,0.245,14,3,V879,6,0.981,0.456,0.847,0.192
SKU000342,5750025388488,Premium Meat 30,Meat & seafood,PrimeCuts,250g,ea,14.83,9.62,0.351,6,4,V531,6,0.601,0.19,0.675,0.103
SKU000343,8437764006463,Value Meat 734,Meat & seafood,SeaGold,tub,kg,11.13,6.58,0.409,14,3,V315,24,0.432,0.142,1.31,0.22
SKU000344,2367084154135,Original Meat 885,Meat & seafood,PrimeCuts,bag,ea,20.78,12.13,0.416,7,4,V612,1,2.298,0.475,0.842,0.307
SKU000345,6791989164887,Extra Meat 717,Meat & seafood,OceanBite,box,ea,3.12,2.18,0.301,8,4,V930,12,0.744,0.37,0.815,0.115
SKU000346,6962369468275,Classic Meat 839,Meat & seafood,OceanBite,1kg,L,22.9,13.35,0.417,9,2,V892,12,1.092,0.374,0.901,0.131
SKU000347,3135311632354,Original Meat 943,Meat & seafood,OceanBite,bag,L,21.44,17.57,0.181,12,2,V664,12,3.986,1.149,0.724,0.043
SKU000348,4390069213203,Family Pack Meat 781,Meat & seafood,PrimeCuts,250g,L,10.22,5.81,0.432,10,1,V892,1,0.369,0.117,0.99,0.037
SKU000349,8105614539774,Value Meat 31,Meat & seafood,PrimeCuts,1kg,ea,6.8,3.96,0.418,6,4,V445,6,96.849,49.066,0.765,0.138
SKU000350,8540573859311,Family Pack Meat 300,Meat & seafood,SeaGold,1L,kg,6.32,4.82,0.237,8,2,V526,24,0.392,0.162,0.977,0.155
SKU000351,8398349018027,Extra Meat 2,Meat & seafood,PrimeCuts,250g,kg,5.15,4.34,0.157,14,1,V387,6,0.354,0.205,0.551,0.127
SKU000352,8159269881067,Premium Meat 700,Meat & seafood,PrimeCuts,single,ea,23.85,16.82,0.295,6,1,V686,12,0.923,0.402,0.658,0.077
SKU000353,6169699254485,Classic Meat 665,Meat & seafood,OceanBite,bag,ea,23.59,13.34,0.435,9,1,V446,12,1.026,0.321,0.88,0.167
SKU000354,7795139155390,Original Meat 660,Meat & seafood,PrimeCuts,1kg,ea,22.68,17.02,0.25,7,2,V663,6,4.958,1.37,0.829,0.231
SKU000355,8812617969215,Value Meat 326,Meat & seafood,PrimeCuts,tub,L,15.37,12.28,0.201,13,2,V866,1,0.627,0.273,1.07,0.063
SKU000356,8034179047271,Lite Meat 425,Meat & seafood,OceanBite,single,kg,5.12,3.08,0.398,11,1,V860,48,0.513,0.267,1.029,0.032
SKU000357,7674104772870,Premium Meat 125,Meat & seafood,PrimeCuts,1kg,kg,22.77,14.23,0.375,10,3,V183,6,0.409,0.1,0.958,0.033
SKU000358,3520172109429,Family Pack Meat 212,Meat & seafood,ButcherChoice,250ml,L,8.49,6.0,0.293,13,2,V297,48,2.026,0.565,0.915,0.01
SKU000359,7443903505885,Classic Meat 644,Meat & seafood,OceanBite,250g,L,12.01,9.33,0.223,7,3,V574,1,1.464,0.451,1.184,0.225
SKU000360,7159985092693,Original Meat 23,Meat & seafood,OceanBite,500ml,ea,21.87,12.89,0.411,5,2,V718,48,0.473,0.179,1.079,0.093
SKU000361,7804141205186,Original Meat 199,Meat & seafood,OceanBite,1kg,L,13.46,10.65,0.209,5,5,V206,48,0.707,0.28,0.832,0.217
SKU000362,7107349895227,Organic Meat 333,Meat & seafood,ButcherChoice,500ml,ea,6.66,4.93,0.26,10,1,V568,6,0.76,0.321,1.11,0.076
SKU000363,3163065399427,Lite Meat 753,Meat & seafood,SeaGold,500ml,kg,8.44,6.89,0.184,9,1,V591,12,0.564,0.142,0.951,0.336
SKU000364,4407564589894,Extra Meat 87,Meat & seafood,PrimeCuts,1kg,L,14.33,11.17,0.221,6,2,V567,48,1.481,0.387,0.999,0.039
SKU000365,5996975950142,Classic Meat 761,Meat & seafood,PrimeCuts,tub,ea,13.23,8.32,0.371,14,4,V536,48,1.839,1.052,1.043,0.061
SKU000366,3489282161191,Original Meat 333,Meat & seafood,PrimeCuts,bag,kg,8.63,6.1,0.293,11,5,V770,6,0.376,0.216,1.034,0.128
SKU000367,7280517700208,Extra Meat 958,Meat & seafood,OceanBite,250g,kg,11.53,8.18,0.291,7,2,V242,24,0.433,0.158,1.048,0.022
SKU000368,6849200085333,Original Meat 624,Meat & seafood,SeaGold,bag,kg,5.62,4.2,0.253,13,5,V702,48,0.413,0.17,1.044,0.009
SKU000369,7784445741098,Value Meat 886,Meat & seafood,SeaGold,250g,L,15.83,11.5,0.274,9,4,V358,12,0.535,0.269,1.017,0.097
SKU000370,4976959673756,Premium Meat 377,Meat & seafood,PrimeCuts,bag,kg,12.67,7.86,0.38,12,4,V177,12,12.262,7.061,0.892,0.029
SKU000371,6993147403378,Lite Meat 686,Meat & seafood,OceanBite,250ml,kg,13.18,9.58,0.273,14,2,V817,24,0.46,0.196,0.868,0.037
SKU000372,8728300107849,Original Meat 149,Meat & seafood,SeaGold,500g,kg,11.75,8.23,0.3,12,4,V816,48,0.338,0.188,0.934,0.129
SKU000373,8512108083665,Original Meat 845,Meat & seafood,SeaGold,bag,L,23.58,13.41,0.431,8,4,V199,1,0.39,0.146,1.091,0.071
SKU000374,7851990529274,Lite Meat 846,Meat & seafood,OceanBite,250g,kg,6.6,4.49,0.32,10,2,V794,24,0.698,0.202,0.988,0.029
SKU000375,2052521584177,Classic Meat 308,Meat & seafood,OceanBite,single,ea,3.18,2.01,0.368,12,4,V792,6,188.651,50.106,0.867,0.039
SKU000376,4328327955443,Original Meat 527,Meat & seafood,SeaGold,tub,ea,8.09,6.76,0.164,13,3,V660,6,0.704,0.154,1.221,0.033
SKU000377,6107381105412,Family Pack Meat 302,Meat & seafood,ButcherChoice,500ml,L,14.47,10.74,0.258,13,4,V336,6,4.291,1.469,0.779,0.113
SKU000378,7664752408508,Value Meat 575,Meat & seafood,PrimeCuts,tub,ea,8.72,4.95,0.432,8,2,V982,6,0.345,0.188,1.221,0.076
SKU000379,3500616374887,Organic Meat 788,Meat & seafood,PrimeCuts,500g,ea,10.06,6.09,0.395,14,3,V205,1,0.589,0.172,1.069,0.127
SKU000380,7665366565090,Family Pack Meat 4,Meat & seafood,OceanBite,tub,ea,23.7,14.69,0.38,13,1,V510,6,0.379,0.153,1.134,0.111
SKU000381,7427304051902,Organic Bakery 668,Bakery & frozen,BakeHouse,single,ea,3.65,2.67,0.268,290,4,V304,24,0.574,0.205,0.517,0.07
SKU000382,7494270847432,Extra Bakery 606,Bakery & frozen,BakeHouse,250ml,L,1.82,1.28,0.297,175,6,V984,24,1.128,0.336,1.03,0.239
SKU000383,4903542754444,Premium Bakery 52,Bakery & frozen,BreadWorks,single,L,6.92,5.58,0.194,295,1,V600,48,1.19,0.45,1.13,0.213
SKU000384,7386254756485,Organic Bakery 391,Bakery & frozen,BreadWorks,1L,ea,7.06,3.98,0.436,300,6,V567,6,0.719,0.41,0.944,0.029
SKU000385,6832804219940,Organic Bakery 241,Bakery & frozen,FrozenDelights,1L,ea,4.24,3.35,0.21,181,5,V186,12,0.365,0.1,1.001,0.01
SKU000386,7223936836569,Family Pack Bakery 52,Bakery & frozen,DailyBakery,tub,kg,5.94,3.39,0.429,158,2,V461,24,0.428,0.152,1.108,0.278
SKU000387,8156583350034,Value Bakery 406,Bakery & frozen,FrozenDelights,tub,kg,3.51,2.24,0.362,134,2,V205,48,0.357,0.192,1.252,0.01
SKU000388,5851564717080,Lite Bakery 325,Bakery & frozen,BakeHouse,single,L,3.29,1.82,0.447,213,3,V359,24,1.072,0.346,0.984,0.091
SKU000389,8823979125629,Extra Bakery 615,Bakery & frozen,BakeHouse,single,ea,1.84,1.5,0.185,38,3,V777,48,0.339,0.162,0.994,0.024
SKU000390,5216292749525,Lite Bakery 342,Bakery & frozen,DailyBakery,1kg,kg,8.13,5.53,0.32,342,5,V280,24,0.577,0.153,0.899,0.005
SKU000391,3095244408203,Family Pack Bakery 811,Bakery & frozen,FrozenDelights,500ml,kg,1.0,0.73,0.27,262,3,V226,24,39.255,14.536,1.21,0.045
SKU000392,8446517651814,Classic Bakery 933,Bakery & frozen,DailyBakery,tub,kg,2.96,1.71,0.422,148,1,V637,48,2.032,0.471,0.599,0.264
SKU000393,3511072970258,Extra Bakery 921,Bakery & frozen,BakeHouse,tub,L,7.6,4.63,0.391,137,2,V706,6,6.865,3.627,0.874,0.034
SKU000394,2906288100446,Premium Bakery 197,Bakery & frozen,BreadWorks,tub,ea,6.54,3.85,0.411,345,6,V918,24,0.492,0.101,1.095,0.243
SKU000395,6548907440751,Family Pack Bakery 525,Bakery & frozen,BreadWorks,1kg,kg,7.11,5.94,0.165,217,3,V999,6,0.445,0.232,1.216,0.204
SKU000396,6027302697431,Premium Bakery 603,Bakery & frozen,DailyBakery,500g,L,4.68,3.06,0.346,237,5,V979,12,0.569,0.309,0.84,0.201
SKU000397,5453687261018,Premium Bakery 829,Bakery & frozen,BakeHouse,single,L,2.27,1.37,0.396,95,6,V512,1,0.679,0.197,0.56,0.22
SKU000398,6206077827885,Premium Bakery 577,Bakery & frozen,FrozenDelights,250ml,L,4.55,3.21,0.295,242,6,V370,1,0.507,0.151,0.842,0.08
SKU000399,2085430545343,Family Pack Bakery 589,Bakery & frozen,DailyBakery,500ml,L,6.18,4.57,0.261,61,6,V353,24,0.944,0.48,1.104,0.119
SKU000400,4077475119281,Value Bakery 306,Bakery & frozen,DailyBakery,bag,L,8.03,4.7,0.415,175,1,V809,48,0.404,0.197,0.949,0.122
SKU000401,6765396922649,Value Bakery 2,Bakery & frozen,DailyBakery,box,ea,4.94,3.41,0.31,280,6,V376,24,5.39,2.353,1.114,0.091
SKU000402,4723932347096,Lite Bakery 587,Bakery & frozen,DailyBakery,tub,kg,1.55,1.11,0.284,269,5,V912,48,15.554,5.492,0.855,0.129
SKU000403,6927790135139,Extra Bakery 633,Bakery & frozen,BreadWorks,bag,L,2.4,1.36,0.433,290,2,V387,6,0.754,0.362,1.003,0.043
SKU000404,3105625515181,Organic Bakery 316,Bakery & frozen,BakeHouse,500ml,kg,9.05,5.09,0.438,138,6,V582,24,0.756,0.317,1.158,0.103
SKU000405,2983660720871,Classic Bakery 524,Bakery & frozen,BreadWorks,500ml,L,8.81,6.31,0.284,51,3,V166,6,13.058,3.17,1.123,0.046
SKU000406,7032738270660,Value Bakery 152,Bakery & frozen,FrozenDelights,bag,ea,6.53,5.51,0.156,203,5,V575,48,4.448,2.307,0.704,0.007
SKU000407,3725916030589,Organic Bakery 901,Bakery & frozen,BreadWorks,500ml,ea,8.91,7.3,0.181,240,2,V601,48,0.664,0.214,1.121,0.106
SKU000408,3574894196397,Extra Bakery 64,Bakery & frozen,DailyBakery,box,L,8.75,5.42,0.381,36,2,V375,24,10.216,5.578,0.58,0.053
SKU000409,4731773081312,Lite Bakery 55,Bakery & frozen,DailyBakery,250ml,kg,6.0,3.99,0.335,178,2,V991,24,0.524,0.131,1.033,0.284
SKU000410,3138270212182,Value Bakery 103,Bakery & frozen,DailyBakery,single,L,1.75,1.43,0.183,247,1,V747,24,0.344,0.199,1.265,0.051
SKU000411,4300848272307,Lite Bakery 863,Bakery & frozen,DailyBakery,1kg,L,6.64,3.8,0.428,281,5,V974,6,88.009,21.592,1.006,0.055
SKU000412,3904377948719,Premium Bakery 51,Bakery & frozen,BreadWorks,250g,L,4.12,2.71,0.342,204,5,V934,48,18.724,10.543,1.042,0.027
SKU000413,5887875023834,Family Pack Bakery 719,Bakery & frozen,BreadWorks,1L,ea,2.44,1.87,0.234,320,2,V198,12,1.138,0.293,0.614,0.139
SKU000414,2594665485092,Value Bakery 315,Bakery & frozen,BreadWorks,single,L,2.43,2.06,0.152,4,4,V233,12,1.326,0.489,0.878,0.002
SKU000415,5698789507602,Family Pack Bakery 375,Bakery & frozen,BakeHouse,1L,L,5.66,4.13,0.27,332,4,V136,6,0.761,0.246,1.236,0.1
SKU000416,5656973681604,Extra Bakery 229,Bakery & frozen,DailyBakery,box,kg,2.42,2.02,0.165,264,6,V641,6,0.355,0.199,1.03,0.029
SKU000417,7089312814900,Organic Bakery 952,Bakery & frozen,DailyBakery,1L,L,5.6,3.14,0.439,119,3,V613,24,0.714,0.346,1.062,0.503
SKU000418,3417090354828,Premium Bakery 864,Bakery & frozen,FrozenDelights,250g,kg,5.09,4.25,0.165,188,2,V401,6,0.429,0.198,0.928,0.055
SKU000419,7920434022777,Classic Bakery 284,Bakery & frozen,BreadWorks,1L,ea,4.73,3.06,0.353,318,2,V517,48,0.364,0.162,0.924,0.001
SKU000420,4163827018145,Premium Bakery 423,Bakery & frozen,BreadWorks,bag,kg,2.71,2.14,0.21,327,6,V232,1,0.598,0.255,0.928,0.482
SKU000421,8255989111137,Value Bakery 278,Bakery & frozen,FrozenDelights,1L,kg,7.11,5.36,0.246,272,6,V464,6,0.378,0.139,0.802,0.058
SKU000422,3049939370707,Extra Bakery 289,Bakery & frozen,FrozenDelights,250g,ea,2.67,1.8,0.326,43,3,V979,1,0.909,0.219,0.984,0.06
SKU000423,7737268708803,Lite Bakery 703,Bakery & frozen,BreadWorks,box,ea,8.07,6.32,0.217,358,3,V691,24,0.889,0.303,1.225,0.006
SKU000424,4382234404892,Original Bakery 756,Bakery & frozen,FrozenDelights,250g,ea,4.83,2.72,0.437,202,4,V866,12,0.472,0.266,1.113,0.281
SKU000425,3018941467761,Premium Bakery 491,Bakery & frozen,DailyBakery,tub,kg,6.73,3.72,0.447,115,6,V464,12,2.29,0.643,1.003,0.261
SKU000426,6821820716616,Original Bakery 398,Bakery & frozen,DailyBakery,1L,kg,7.34,5.2,0.292,40,3,V795,12,0.62,0.368,1.167,0.016
SKU000427,5446602458107,Extra Bakery 514,Bakery & frozen,DailyBakery,tub,kg,3.24,2.55,0.213,89,1,V124,6,0.559,0.236,1.128,0.275
SKU000428,7628807031113,Family Pack Bakery 536,Bakery & frozen,DailyBakery,1kg,L,9.46,5.51,0.418,339,1,V529,6,8.27,4.029,1.014,0.128
SKU000429,5278947101514,Classic Bakery 68,Bakery & frozen,DailyBakery,500ml,L,4.65,2.99,0.357,25,1,V777,48,5.677,2.86,1.117,0.102
SKU000430,5821705619450,Lite Bakery 5,Bakery & frozen,BreadWorks,single,ea,2.45,1.85,0.245,162,5,V342,48,1.116,0.643,0.951,0.187
SKU000431,3211954455287,Classic Bakery 390,Bakery & frozen,DailyBakery,bag,ea,7.86,4.84,0.384,2,5,V387,48,0.591,0.182,1.026,0.081
SKU000432,5012322389414,Lite Bakery 996,Bakery & frozen,BreadWorks,500g,ea,4.87,3.03,0.378,6,4,V722,48,0.407,0.1,0.999,0.252
SKU000433,4977880407470,Classic Bakery 427,Bakery & frozen,DailyBakery,box,L,5.76,4.82,0.163,116,6,V251,12,0.888,0.513,1.075,0.327
SKU000434,7666591645305,Lite Bakery 842,Bakery & frozen,DailyBakery,500g,kg,2.99,2.08,0.304,152,5,V250,24,0.535,0.255,0.901,0.012
SKU000435,2957688370438,Lite Bakery 22,Bakery & frozen,FrozenDelights,tub,ea,1.2,1.0,0.167,141,6,V172,6,1.439,0.838,0.989,0.007
SKU000436,2080802048131,Original Bakery 672,Bakery & frozen,BakeHouse,500g,ea,7.81,6.35,0.187,95,2,V365,6,0.397,0.1,1.101,0.303
SKU000437,7867998187218,Original Bakery 227,Bakery & frozen,FrozenDelights,500g,L,4.67,2.98,0.362,316,2,V331,12,0.665,0.243,0.881,0.03
SKU000438,6765853678161,Value Bakery 542,Bakery & frozen,FrozenDelights,single,ea,7.24,5.88,0.188,354,6,V810,24,1.277,0.296,0.946,0.205
SKU000439,5400891510726,Extra Bakery 755,Bakery & frozen,FrozenDelights,single,kg,8.7,6.23,0.284,252,3,V473,1,0.503,0.295,0.894,0.174
SKU000440,4640394210258,Premium Bakery 33,Bakery & frozen,BakeHouse,box,kg,8.5,6.85,0.194,144,5,V623,6,8.359,4.88,0.907,0.061
SKU000441,5792612827822,Family Pack Bakery 639,Bakery & frozen,DailyBakery,250ml,L,1.04,0.6,0.423,310,4,V321,1,3.369,1.09,0.879,0.196
SKU000442,4761152470112,Organic Bakery 715,Bakery & frozen,BakeHouse,1kg,ea,6.11,4.85,0.206,186,6,V451,6,3.719,1.033,0.957,0.045
SKU000443,8188639886593,Organic Bakery 246,Bakery & frozen,DailyBakery,single,ea,5.05,3.92,0.224,11,1,V393,24,0.368,0.1,0.865,0.124
SKU000444,4554308220308,Original Bakery 738,Bakery & frozen,FrozenDelights,250ml,L,1.19,0.82,0.311,326,6,V970,1,0.39,0.184,0.981,0.517
SKU000445,8276268404685,Original Bakery 8,Bakery & frozen,BakeHouse,250g,L,6.3,4.4,0.302,242,2,V855,48,0.935,0.319,0.903,0.14
SKU000446,5608866075971,Extra Bakery 495,Bakery & frozen,FrozenDelights,single,ea,5.23,4.07,0.222,365,6,V280,48,0.427,0.167,1.18,0.018
SKU000447,6536402888234,Classic Bakery 997,Bakery & frozen,BreadWorks,1kg,ea,9.86,7.34,0.256,47,4,V802,48,0.735,0.411,0.842,0.121
SKU000448,4665826596762,Lite Bakery 675,Bakery & frozen,BreadWorks,box,L,7.94,6.67,0.16,51,4,V372,24,0.73,0.35,0.902,0.02
SKU000449,6759829065626,Premium Bakery 552,Bakery & frozen,BreadWorks,bag,ea,8.56,6.25,0.27,208,6,V487,1,0.359,0.123,0.947,0.111
SKU000450,5854438639284,Original Bakery 297,Bakery & frozen,FrozenDelights,single,kg,6.66,4.8,0.279,92,6,V981,24,0.554,0.171,0.812,0.293
SKU000451,4537822122306,Lite Bakery 319,Bakery & frozen,DailyBakery,500g,kg,7.34,5.63,0.233,139,3,V672,1,0.384,0.123,1.214,0.048
SKU000452,2704674419115,Classic Bakery 960,Bakery & frozen,FrozenDelights,250g,ea,4.51,2.75,0.39,10,5,V520,24,0.365,0.106,0.716,0.108
SKU000453,2656655622007,Lite Bakery 966,Bakery & frozen,DailyBakery,500ml,L,2.44,1.75,0.283,350,3,V505,12,0.565,0.261,1.027,0.114
SKU000454,5983365709938,Original Bakery 851,Bakery & frozen,FrozenDelights,box,ea,2.41,1.94,0.195,169,1,V336,6,0.741,0.209,1.051,0.169
SKU000455,2434318774497,Organic Bakery 240,Bakery & frozen,BakeHouse,single,L,5.53,4.5,0.186,358,2,V374,48,17.54,7.318,1.125,0.083
SKU000456,4610739894093,Lite Bakery 279,Bakery & frozen,DailyBakery,box,ea,1.53,1.3,0.15,285,5,V909,12,0.359,0.155,0.874,0.047
SKU000457,5774543737776,Extra Bakery 158,Bakery & frozen,FrozenDelights,bag,ea,1.83,1.27,0.306,196,4,V234,48,0.548,0.299,0.794,0.225
SKU000458,6080603670974,Premium Bakery 408,Bakery & frozen,DailyBakery,box,ea,6.36,5.4,0.151,224,5,V230,12,0.638,0.382,1.024,0.041
SKU000459,2884786414430,Premium Bakery 41,Bakery & frozen,DailyBakery,1L,L,9.71,8.12,0.164,58,4,V814,48,0.486,0.112,1.169,0.083
SKU000460,3570626587958,Value Bakery 92,Bakery & frozen,BreadWorks,tub,kg,5.64,3.39,0.399,222,2,V212,6,0.485,0.168,1.108,0.194
SKU000461,7069426526116,Original Bakery 375,Bakery & frozen,BreadWorks,500g,kg,4.36,2.45,0.438,138,4,V271,1,0.337,0.1,0.844,0.153
SKU000462,8823939874241,Extra Bakery 271,Bakery & frozen,FrozenDelights,single,L,9.91,6.5,0.344,138,1,V948,24,34.654,8.152,1.191,0.227
SKU000463,2409963474114,Premium Bakery 279,Bakery & frozen,BakeHouse,box,ea,2.61,1.46,0.441,176,6,V998,1,1.252,0.553,0.933,0.126
SKU000464,8585874696316,Premium Bakery 47,Bakery & frozen,DailyBakery,250ml,L,4.14,2.39,0.423,303,3,V910,1,1.654,0.593,1.298,0.036
SKU000465,6463582845717,Premium Bakery 992,Bakery & frozen,DailyBakery,single,L,4.62,2.93,0.366,263,6,V205,6,8.45,4.485,1.056,0.203
SKU000466,6823238139794,Classic Bakery 209,Bakery & frozen,DailyBakery,tub,L,2.64,1.95,0.261,148,3,V220,6,2.401,0.753,1.179,0.145
SKU000467,6804615869617,Original Bakery 583,Bakery & frozen,DailyBakery,500ml,kg,4.07,3.16,0.224,132,5,V686,1,0.387,0.168,1.223,0.021
SKU000468,6705759539521,Organic Bakery 680,Bakery & frozen,BakeHouse,250ml,ea,2.99,2.05,0.314,143,2,V127,1,1.875,0.482,1.134,0.177
SKU000469,7321194540029,Value Bakery 286,Bakery & frozen,DailyBakery,1L,kg,2.85,2.22,0.221,12,4,V710,6,0.338,0.1,1.149,0.134
SKU000470,3468318919193,Organic Bakery 167,Bakery & frozen,FrozenDelights,1L,kg,8.68,5.39,0.379,355,4,V957,24,1.387,0.676,0.847,0.181
SKU000471,8300539375423,Family Pack Bakery 947,Bakery & frozen,DailyBakery,1kg,kg,9.29,5.97,0.357,216,1,V938,24,0.427,0.1,1.139,0.068
SKU000472,3793740319115,Premium Bakery 284,Bakery & frozen,DailyBakery,bag,L,7.18,4.53,0.369,11,1,V509,6,1.054,0.564,0.876,0.025
SKU000473,7465145605584,Lite Bakery 587,Bakery & frozen,FrozenDelights,box,ea,7.65,6.46,0.156,14,6,V783,24,5.429,2.573,1.228,0.03
SKU000474,7772821977301,Organic Bakery 228,Bakery & frozen,DailyBakery,1kg,L,4.53,3.56,0.214,280,1,V889,48,0.328,0.117,1.146,0.058
SKU000475,4489575521961,Lite Bakery 662,Bakery & frozen,BakeHouse,tub,L,1.01,0.74,0.267,23,4,V488,48,3.662,2.128,0.996,0.047
SKU000476,6532462154293,Premium Bakery 77,Bakery & frozen,FrozenDelights,250ml,ea,4.08,3.12,0.235,119,4,V117,24,0.331,0.15,1.224,0.054
SKU000477,7185543357722,Organic Bakery 850,Bakery & frozen,BakeHouse,500ml,kg,9.83,6.2,0.369,200,3,V610,48,2.83,1.257,1.381,0.088
SKU000478,5126137350487,Original Bakery 383,Bakery & frozen,DailyBakery,1kg,ea,7.65,5.22,0.318,249,2,V376,24,0.387,0.154,0.836,0.014
SKU000479,4488709582888,Value Bakery 675,Bakery & frozen,DailyBakery,250ml,L,2.87,2.12,0.261,175,4,V424,24,0.318,0.12,1.226,0.085
SKU000480,6682297222767,Organic Bakery 412,Bakery & frozen,DailyBakery,bag,L,2.89,1.66,0.426,152,5,V464,48,1.606,0.863,0.835,0.215
SKU000481,5876026750382,Extra Bakery 355,Bakery & frozen,BakeHouse,1L,L,5.61,3.32,0.408,51,1,V799,12,0.442,0.157,1.054,0.037
SKU000482,5380156287933,Lite Bakery 464,Bakery & frozen,BakeHouse,1kg,L,3.68,2.97,0.193,147,1,V696,12,2.461,0.808,1.206,0.168
SKU000483,4903660629702,Original Bakery 992,Bakery & frozen,BreadWorks,250ml,kg,6.56,3.88,0.409,133,3,V345,6,0.618,0.305,1.187,0.096
SKU000484,8264500779661,Original Bakery 170,Bakery & frozen,FrozenDelights,tub,L,5.93,4.68,0.211,313,4,V253,1,0.382,0.155,1.101,0.072
SKU000485,2429587649464,Classic Bakery 462,Bakery & frozen,DailyBakery,250g,kg,2.47,1.38,0.441,281,4,V861,24,1.154,0.313,1.037,0.024
SKU000486,5157267131783,Original Bakery 525,Bakery & frozen,BakeHouse,250ml,ea,9.44,7.21,0.236,295,4,V631,12,1.032,0.553,1.174,0.043
SKU000487,8201387495563,Lite Bakery 53,Bakery & frozen,BreadWorks,500g,ea,9.73,5.45,0.44,254,2,V943,1,3.553,0.996,1.001,0.108
SKU000488,2988196676052,Extra Bakery 976,Bakery & frozen,FrozenDelights,bag,ea,3.97,2.5,0.37,173,6,V571,12,0.337,0.154,1.224,0.036
SKU000489,3821382756624,Premium Bakery 443,Bakery & frozen,DailyBakery,500ml,kg,7.97,4.76,0.403,118,1,V669,1,9.833,2.773,1.23,0.212
SKU000490,5281163710265,Classic Bakery 535,Bakery & frozen,BreadWorks,1kg,kg,3.52,2.4,0.318,84,6,V667,1,0.328,0.196,1.082,0.151
SKU000491,2295682813382,Family Pack Bakery 829,Bakery & frozen,BakeHouse,1L,L,4.61,3.01,0.347,40,6,V658,24,0.508,0.186,0.916,0.012
SKU000492,5839010233228,Family Pack Bakery 805,Bakery & frozen,DailyBakery,tub,ea,9.18,5.51,0.4,329,6,V724,12,1.008,0.209,1.201,0.004
SKU000493,6232460428367,Lite Bakery 710,Bakery & frozen,BakeHouse,250ml,ea,9.2,5.27,0.427,52,2,V736,12,0.444,0.174,1.057,0.175
SKU000494,5602063074963,Lite Bakery 93,Bakery & frozen,DailyBakery,500ml,ea,4.45,3.76,0.155,69,4,V278,48,0.878,0.248,0.94,0.082
SKU000495,7554265303734,Classic Bakery 259,Bakery & frozen,BakeHouse,1L,ea,1.37,0.86,0.372,301,5,V302,12,120.77,29.382,1.197,0.128
SKU000496,6475107445783,Classic Bakery 532,Bakery & frozen,BakeHouse,tub,kg,1.5,0.97,0.353,291,2,V130,12,0.776,0.336,0.687,0.01
SKU000497,7399080518349,Premium Bakery 64,Bakery & frozen,BakeHouse,1L,ea,9.09,5.78,0.364,82,4,V160,6,1.598,0.519,0.878,0.137
SKU000498,7368418219316,Premium Bakery 978,Bakery & frozen,DailyBakery,500g,ea,4.08,3.19,0.218,211,5,V343,1,0.537,0.313,0.804,0.262
SKU000499,5877484103949,Premium Bakery 622,Bakery & frozen,BreadWorks,1L,kg,1.81,1.39,0.232,69,3,V175,24,0.717,0.204,1.11,0.022
SKU000500,2486331744954,Value Bakery 497,Bakery & frozen,BreadWorks,box,L,8.82,5.69,0.355,155,5,V949,6,0.42,0.122,1.08,0.091
SKU000501,5866188326674,Premium Dry 654,Dry groceries,PantryPlus,tub,ea,6.43,5.24,0.185,953,4,V874,6,0.572,0.307,1.127,0.125
SKU000502,5288262007170,Value Dry 110,Dry groceries,CanMore,250ml,ea,3.92,3.02,0.23,2247,14,V795,1,0.421,0.1,0.877,0.008
SKU000503,3882313265516,Premium Dry 770,Dry groceries,CanMore,single,kg,1.68,1.18,0.298,1565,9,V759,12,0.634,0.217,1.1,0.084
SKU000504,6289438965511,Value Dry 411,Dry groceries,PantryPlus,bag,kg,9.76,5.94,0.391,975,12,V815,6,3.118,1.53,0.956,0.183
SKU000505,4700348379692,Family Pack Dry 38,Dry groceries,CanMore,single,ea,1.24,0.96,0.226,3487,10,V373,12,0.373,0.177,0.907,0.084
SKU000506,3071706131120,Lite Dry 424,Dry groceries,GoodGrain,250ml,ea,10.16,6.16,0.394,3605,10,V506,48,0.824,0.426,0.831,0.035
SKU000507,2822295474506,Organic Dry 858,Dry groceries,GoodGrain,single,kg,3.83,3.18,0.17,2586,8,V791,6,28.924,8.971,0.983,0.144
SKU000508,4398705194276,Lite Dry 911,Dry groceries,CanMore,single,kg,6.14,5.1,0.169,1230,6,V917,1,2.202,0.843,1.178,0.066
SKU000509,2696405303951,Classic Dry 317,Dry groceries,PantryPlus,single,L,10.59,6.2,0.415,1998,6,V454,6,2.731,1.016,0.961,0.167
SKU000510,8477494783440,Organic Dry 366,Dry groceries,StaplesCo,tub,L,9.48,7.61,0.197,2805,12,V851,48,0.786,0.345,1.054,0.049
SKU000511,2271400906284,Organic Dry 787,Dry groceries,GoodGrain,500ml,L,7.14,4.6,0.356,1763,11,V869,1,0.496,0.236,0.957,0.039
SKU000512,4301807920540,Lite Dry 573,Dry groceries,StaplesCo,500ml,ea,8.43,5.85,0.306,3648,3,V430,6,0.352,0.183,1.138,0.002
SKU000513,3755493282885,Value Dry 29,Dry groceries,CanMore,1L,ea,1.57,1.28,0.185,1238,7,V987,48,0.544,0.274,0.824,0.032
SKU000514,2847540591600,Lite Dry 429,Dry groceries,StaplesCo,500ml,L,4.7,2.7,0.426,720,11,V475,1,0.39,0.215,0.865,0.079
SKU000515,4113588715216,Original Dry 968,Dry groceries,PantryPlus,1kg,kg,7.22,4.21,0.417,3165,8,V564,48,1.359,0.659,1.067,0.048
SKU000516,8630576373032,Original Dry 524,Dry groceries,PantryPlus,bag,L,6.89,5.07,0.264,2674,10,V444,12,0.408,0.189,1.101,0.233
SKU000517,7867734534942,Classic Dry 991,Dry groceries,GoodGrain,tub,ea,10.35,8.24,0.204,493,11,V553,6,0.683,0.296,1.054,0.058
SKU000518,5777913289103,Family Pack Dry 443,Dry groceries,StaplesCo,500ml,kg,11.63,9.08,0.219,2542,14,V769,24,0.565,0.225,1.194,0.037
SKU000519,7724498246047,Lite Dry 851,Dry groceries,CanMore,1L,kg,1.81,1.31,0.276,2696,3,V176,12,0.656,0.304,0.885,0.087
SKU000520,3208051484053,Lite Dry 164,Dry groceries,StaplesCo,500g,kg,9.28,6.7,0.278,1996,12,V319,6,1.641,0.504,0.862,0.126
SKU000521,4646687568687,Lite Dry 104,Dry groceries,StaplesCo,tub,ea,3.62,2.89,0.202,2531,14,V585,12,0.38,0.121,1.055,0.11
SKU000522,2848133999337,Lite Dry 351,Dry groceries,CanMore,tub,kg,1.44,1.17,0.188,1222,12,V333,1,0.584,0.191,1.227,0.088
SKU000523,4157757290212,Extra Dry 840,Dry groceries,CanMore,1L,ea,2.18,1.33,0.39,1520,7,V270,6,0.382,0.147,0.966,0.066
SKU000524,3227147272292,Extra Dry 309,Dry groceries,StaplesCo,single,L,6.76,4.94,0.269,3065,5,V307,1,0.918,0.249,1.071,0.019
SKU000525,2324603226545,Lite Dry 414,Dry groceries,GoodGrain,bag,L,3.35,2.58,0.23,499,8,V499,48,1.186,0.402,1.299,0.193
SKU000526,6849788947964,Organic Dry 576,Dry groceries,CanMore,250g,ea,1.8,1.32,0.267,3157,13,V714,24,3.484,1.808,1.018,0.013
SKU000527,2871928755142,Value Dry 252,Dry groceries,StaplesCo,500ml,L,9.05,5.67,0.373,2068,9,V527,24,0.361,0.165,0.82,0.155
SKU000528,6795131079563,Original Dry 675,Dry groceries,PantryPlus,250ml,ea,4.82,3.2,0.336,2000,8,V847,24,1.928,0.666,0.961,0.07
SKU000529,4310123409271,Classic Dry 489,Dry groceries,GoodGrain,250g,ea,6.02,3.86,0.359,3494,5,V900,12,4.559,2.24,1.082,0.228
SKU000530,8223152048789,Value Dry 619,Dry groceries,StaplesCo,box,L,2.56,1.5,0.414,1207,6,V251,1,0.361,0.202,0.939,0.221
SKU000531,4907186444758,Premium Dry 968,Dry groceries,GoodGrain,250g,ea,7.38,5.66,0.233,2412,13,V196,48,0.367,0.171,1.045,0.01
SKU000532,4942818879128,Original Dry 227,Dry groceries,PantryPlus,tub,kg,6.32,4.63,0.267,1436,7,V581,48,0.466,0.251,0.911,0.093
SKU000533,7872888845049,Family Pack Dry 505,Dry groceries,PantryPlus,250g,ea,4.5,2.51,0.442,783,9,V357,12,0.465,0.175,1.064,0.148
SKU000534,7850528684201,Premium Dry 66,Dry groceries,CanMore,bag,ea,1.45,0.91,0.372,730,4,V305,48,0.574,0.235,1.045,0.296
SKU000535,8596851294296,Classic Dry 796,Dry groceries,GoodGrain,box,kg,1.5,0.93,0.38,2221,14,V323,12,13.722,4.099,0.857,0.23
SKU000536,2803616697966,Lite Dry 476,Dry groceries,GoodGrain,single,ea,4.14,2.44,0.411,862,3,V131,12,15.855,5.377,1.077,0.059
SKU000537,5866082767184,Value Dry 385,Dry groceries,PantryPlus,250ml,kg,7.94,6.54,0.176,580,4,V142,48,1.192,0.449,0.796,0.284
SKU000538,4406557240746,Premium Dry 244,Dry groceries,PantryPlus,250g,kg,5.91,3.73,0.369,1258,12,V600,6,0.588,0.188,1.1,0.218
SKU000539,5839567187739,Organic Dry 902,Dry groceries,StaplesCo,single,L,4.04,2.29,0.433,2647,5,V886,24,0.86,0.251,0.961,0.175
SKU000540,3899925772699,Premium Dry 893,Dry groceries,GoodGrain,250g,ea,8.84,7.38,0.165,3064,6,V633,48,0.371,0.1,1.01,0.326
SKU000541,8179811908580,Extra Dry 660,Dry groceries,CanMore,500ml,ea,1.41,0.92,0.348,900,12,V929,48,2.231,0.599,0.926,0.329
SKU000542,8861423704024,Family Pack Dry 370,Dry groceries,PantryPlus,250g,L,4.65,3.62,0.222,626,13,V773,12,1.215,0.728,0.923,0.022
SKU000543,5464995106097,Extra Dry 984,Dry groceries,CanMore,tub,L,4.33,3.06,0.293,3338,9,V196,6,1.781,0.681,0.939,0.072
SKU000544,2494948307063,Extra Dry 80,Dry groceries,GoodGrain,500ml,L,4.23,3.45,0.184,3355,10,V516,1,0.956,0.353,1.236,0.037
SKU000545,4179401726384,Extra Dry 153,Dry groceries,PantryPlus,1L,L,5.25,3.59,0.316,730,7,V123,48,0.911,0.248,1.139,0.013
SKU000546,6036087076138,Classic Dry 965,Dry groceries,CanMore,1L,L,11.63,8.7,0.252,3363,10,V801,24,27.99,11.757,1.035,0.281
SKU000547,7409173864721,Classic Dry 761,Dry groceries,GoodGrain,500g,L,0.79,0.65,0.177,1112,4,V528,1,1.017,0.597,1.254,0.022
SKU000548,5761702880314,Classic Dry 485,Dry groceries,StaplesCo,1L,ea,7.12,4.87,0.316,377,12,V701,24,0.546,0.171,1.169,0.274
SKU000549,8650399531281,Organic Dry 491,Dry groceries,PantryPlus,1kg,L,3.22,2.65,0.177,2825,5,V768,24,0.7,0.355,0.884,0.126
SKU000550,8373560154773,Extra Dry 150,Dry groceries,StaplesCo,1kg,kg,10.36,6.05,0.416,2755,11,V361,48,0.418,0.178,0.908,0.108
SKU000551,6061069079490,Family Pack Dry 959,Dry groceries,GoodGrain,500ml,kg,11.5,7.57,0.342,1455,7,V143,48,0.401,0.172,0.896,0.061
SKU000552,3644979248962,Classic Dry 887,Dry groceries,PantryPlus,250g,kg,7.81,5.44,0.303,2763,11,V759,1,0.991,0.383,0.717,0.125
SKU000553,5136904807570,Premium Dry 580,Dry groceries,PantryPlus,box,L,2.59,2.06,0.205,620,13,V728,6,0.851,0.483,1.065,0.137
SKU000554,6426975753769,Organic Dry 10,Dry groceries,PantryPlus,single,ea,8.67,5.39,0.378,3390,8,V820,48,1.35,0.421,1.002,0.097
SKU000555,3061861954320,Classic Dry 42,Dry groceries,StaplesCo,single,L,4.11,2.31,0.438,3518,12,V539,48,0.466,0.145,1.004,0.116
SKU000556,7481198883217,Value Dry 151,Dry groceries,StaplesCo,1L,kg,6.06,3.41,0.437,1790,7,V232,24,5.165,2.832,0.859,0.036
SKU000557,4267694660447,Extra Dry 6,Dry groceries,CanMore,single,L,2.67,2.13,0.202,1685,10,V358,12,0.983,0.515,1.131,0.083
SKU000558,2921703942168,Premium Dry 778,Dry groceries,GoodGrain,single,L,9.07,5.33,0.412,2848,10,V878,6,0.36,0.168,1.109,0.02
SKU000559,6785254320955,Premium Dry 922,Dry groceries,PantryPlus,500ml,L,7.25,5.55,0.234,1351,10,V376,6,0.762,0.384,0.983,0.266
SKU000560,8258852927443,Classic Dry 551,Dry groceries,StaplesCo,250g,L,6.73,5.18,0.23,1249,3,V509,12,0.461,0.1,1.215,0.108
SKU000561,2960175012818,Value Dry 748,Dry groceries,GoodGrain,250ml,kg,11.3,7.58,0.329,2318,14,V889,12,1.451,0.552,1.066,0.021
SKU000562,3307113862041,Value Dry 907,Dry groceries,PantryPlus,1kg,L,8.06,6.68,0.171,830,14,V364,48,0.363,0.176,1.07,0.109
SKU000563,4008982416746,Classic Dry 174,Dry groceries,StaplesCo,250g,kg,2.64,1.53,0.42,3613,3,V918,48,1.024,0.543,1.142,0.1
SKU000564,2119111091291,Value Dry 890,Dry groceries,CanMore,bag,ea,1.58,1.14,0.278,3567,11,V665,48,5.947,2.018,1.074,0.242
SKU000565,3471853583487,Organic Dry 719,Dry groceries,GoodGrain,bag,ea,5.83,3.29,0.436,2281,11,V379,6,0.446,0.196,1.161,0.088
SKU000566,6456142663017,Organic Dry 648,Dry groceries,CanMore,tub,L,9.55,7.62,0.202,2025,4,V158,1,1.844,0.906,0.837,0.134
SKU000567,5478970825512,Extra Dry 492,Dry groceries,StaplesCo,500g,L,7.14,5.18,0.275,2734,10,V556,24,0.631,0.178,0.881,0.167
SKU000568,3198073839287,Organic Dry 994,Dry groceries,CanMore,250g,kg,7.52,5.79,0.23,2843,13,V683,24,1.829,1.083,0.862,0.039
SKU000569,8813003804221,Original Dry 490,Dry groceries,CanMore,250ml,ea,7.96,5.01,0.371,2223,5,V265,1,0.421,0.167,0.968,0.116
SKU000570,8169718210891,Classic Dry 179,Dry groceries,StaplesCo,1kg,kg,9.45,7.85,0.169,885,14,V113,1,0.529,0.145,1.046,0.201
SKU000571,8774585608706,Value Dry 552,Dry groceries,PantryPlus,1kg,L,2.05,1.48,0.278,974,3,V117,6,3.879,1.354,1.107,0.223
SKU000572,4693837237470,Value Dry 582,Dry groceries,StaplesCo,box,ea,0.75,0.5,0.333,2993,11,V814,1,0.389,0.177,1.141,0.24
SKU000573,4715724748821,Classic Dry 445,Dry groceries,CanMore,tub,L,4.15,2.48,0.402,2855,5,V597,12,0.402,0.217,1.269,0.198
SKU000574,3829280713424,Organic Dry 748,Dry groceries,StaplesCo,250g,ea,10.09,7.09,0.297,1310,10,V210,48,1.142,0.616,0.897,0.126
SKU000575,8116597784547,Extra Dry 844,Dry groceries,CanMore,box,kg,10.26,8.71,0.151,1480,6,V745,6,2.561,0.569,0.965,0.116
SKU000576,4094464322057,Family Pack Dry 488,Dry groceries,PantryPlus,bag,L,5.25,3.38,0.356,2348,11,V978,24,0.833,0.451,1.091,0.005
SKU000577,7760315086233,Family Pack Dry 925,Dry groceries,CanMore,bag,kg,6.07,3.61,0.405,2161,12,V851,12,1.962,0.91,0.999,0.042
SKU000578,8577422737381,Value Dry 373,Dry groceries,GoodGrain,1L,kg,1.72,1.37,0.203,3470,14,V658,24,0.454,0.215,0.676,0.082
SKU000579,5514338896811,Family Pack Dry 3,Dry groceries,CanMore,1kg,kg,4.9,3.23,0.341,1735,9,V394,24,0.887,0.235,0.988,0.016
SKU000580,7864138792733,Classic Dry 329,Dry groceries,CanMore,250ml,ea,4.16,3.21,0.228,1010,9,V434,1,0.572,0.244,0.773,0.013
SKU000581,5710773309337,Family Pack Dry 469,Dry groceries,PantryPlus,500ml,L,3.0,1.76,0.413,1983,14,V147,6,0.348,0.1,0.971,0.126
SKU000582,6584496606176,Classic Dry 999,Dry groceries,GoodGrain,single,ea,11.79,8.15,0.309,1588,12,V602,48,0.457,0.261,0.967,0.032
SKU000583,2167699021724,Lite Dry 916,Dry groceries,StaplesCo,single,L,6.79,4.77,0.297,2640,11,V808,48,0.37,0.121,1.166,0.421
SKU000584,3126544720792,Organic Dry 987,Dry groceries,PantryPlus,250g,L,3.42,2.09,0.389,2069,3,V406,48,0.783,0.374,1.175,0.104
SKU000585,3470130560804,Original Dry 751,Dry groceries,GoodGrain,bag,kg,3.11,2.45,0.212,3178,12,V434,48,2.069,0.826,0.948,0.142
SKU000586,3664021443092,Premium Dry 716,Dry groceries,PantryPlus,250ml,L,0.75,0.54,0.28,1982,12,V878,48,0.436,0.22,0.876,0.091
SKU000587,3732678259394,Lite Dry 652,Dry groceries,PantryPlus,500g,kg,3.59,2.18,0.393,810,11,V634,48,0.602,0.299,0.859,0.384
SKU000588,6382757413368,Organic Dry 580,Dry groceries,GoodGrain,box,L,1.59,1.35,0.151,590,11,V498,1,0.915,0.271,0.757,0.163
SKU000589,5340066030169,Lite Dry 534,Dry groceries,GoodGrain,1L,L,5.91,4.78,0.191,1595,13,V439,6,0.322,0.1,1.041,0.123
SKU000590,4682874201913,Value Dry 220,Dry groceries,CanMore,500ml,kg,6.77,5.25,0.225,3636,7,V853,12,0.463,0.161,1.302,0.16
SKU000591,2714055954609,Extra Dry 891,Dry groceries,PantryPlus,single,kg,6.93,4.62,0.333,2465,12,V782,48,7.256,3.364,1.11,0.179
SKU000592,4166446777772,Premium Dry 864,Dry groceries,StaplesCo,1L,kg,11.9,7.21,0.394,3080,7,V389,24,1.021,0.29,0.867,0.007
SKU000593,4143359923974,Organic Dry 500,Dry groceries,PantryPlus,500g,ea,3.61,2.1,0.418,1751,6,V425,12,0.922,0.505,1.081,0.075
SKU000594,7757527155718,Extra Dry 897,Dry groceries,StaplesCo,1kg,L,4.42,3.04,0.312,2086,6,V880,48,2.659,1.172,1.128,0.245
SKU000595,2072964481246,Extra Dry 666,Dry groceries,PantryPlus,tub,ea,7.89,4.5,0.43,3285,13,V305,12,0.54,0.233,0.999,0.116
SKU000596,3836288332087,Value Dry 155,Dry groceries,PantryPlus,tub,ea,1.15,0.89,0.226,1909,6,V999,12,0.329,0.1,0.737,0.056
SKU000597,5481776242717,Classic Dry 779,Dry groceries,StaplesCo,500ml,ea,2.79,1.73,0.38,2795,13,V892,48,0.325,0.191,1.25,0.05
SKU000598,5542564533441,Extra Dry 955,Dry groceries,GoodGrain,1L,ea,6.29,4.12,0.345,3227,9,V167,1,0.332,0.147,1.01,0.056
SKU000599,2573381772204,Extra Dry 304,Dry groceries,CanMore,1kg,ea,0.97,0.65,0.33,2046,13,V671,48,0.556,0.189,0.852,0.091
SKU000600,3688283600610,Classic Dry 422,Dry groceries,PantryPlus,250ml,L,3.04,2.32,0.237,1404,7,V926,1,0.451,0.144,0.896,0.153
SKU000601,5767159706839,Organic Dry 781,Dry groceries,GoodGrain,1kg,L,11.95,7.16,0.401,2805,4,V246,1,9.593,3.53,1.016,0.075
SKU000602,7717316726459,Original Dry 23,Dry groceries,CanMore,1L,ea,4.31,3.58,0.169,2172,4,V784,12,1.233,0.724,1.317,0.205
SKU000603,5825327462693,Family Pack Dry 873,Dry groceries,CanMore,single,L,1.48,1.0,0.324,764,7,V407,6,0.394,0.147,1.228,0.006
SKU000604,2150645138104,Extra Dry 847,Dry groceries,PantryPlus,1L,ea,5.35,4.04,0.245,611,13,V402,6,0.393,0.13,1.176,0.02
SKU000605,5844164200834,Original Dry 305,Dry groceries,PantryPlus,single,kg,9.63,7.01,0.272,3316,9,V955,24,0.421,0.159,0.968,0.238
SKU000606,8578397809496,Value Dry 69,Dry groceries,StaplesCo,single,ea,4.84,3.3,0.318,3554,7,V707,6,0.403,0.231,1.166,0.043
SKU000607,6166420317814,Premium Dry 479,Dry groceries,GoodGrain,1kg,L,1.84,1.24,0.326,2384,13,V415,24,0.321,0.107,1.063,0.0
SKU000608,5619197620314,Classic Dry 104,Dry groceries,CanMore,500g,kg,5.13,3.27,0.363,1428,13,V808,1,0.495,0.107,0.839,0.032
SKU000609,5627118820966,Family Pack Dry 758,Dry groceries,CanMore,1kg,kg,8.04,5.95,0.26,2159,4,V630,6,0.317,0.133,1.038,0.063
SKU000610,6924493653689,Premium Dry 723,Dry groceries,StaplesCo,bag,ea,12.0,7.65,0.362,2845,8,V216,1,0.383,0.11,1.208,0.059
SKU000611,3826208810412,Organic Dry 789,Dry groceries,PantryPlus,1L,L,2.55,1.94,0.239,2954,13,V722,6,0.38,0.197,0.963,0.108
SKU000612,7587484685811,Classic Dry 554,Dry groceries,StaplesCo,1L,L,2.7,1.99,0.263,2037,9,V533,48,1.901,0.855,0.888,0.038
SKU000613,7281697531251,Lite Dry 145,Dry groceries,GoodGrain,250ml,kg,1.15,0.96,0.165,592,3,V471,48,1.022,0.339,0.953,0.274
SKU000614,7329276401911,Extra Dry 424,Dry groceries,GoodGrain,1L,L,9.17,7.11,0.225,2489,10,V904,12,0.491,0.291,0.872,0.156
SKU000615,2652280944990,Original Dry 221,Dry groceries,GoodGrain,tub,ea,11.91,7.57,0.364,1032,5,V454,1,13.272,5.536,0.91,0.185
SKU000616,8515183745443,Lite Dry 382,Dry groceries,CanMore,500ml,ea,5.74,3.86,0.328,1711,9,V524,48,0.35,0.104,0.977,0.113
SKU000617,2944801192535,Classic Dry 105,Dry groceries,StaplesCo,1kg,ea,4.21,3.54,0.159,2797,10,V127,6,14.454,3.261,0.942,0.042
SKU000618,3816717704501,Lite Dry 225,Dry groceries,GoodGrain,500ml,kg,11.37,8.58,0.245,1880,13,V459,1,1.222,0.648,1.247,0.038
SKU000619,6466382827833,Value Dry 197,Dry groceries,PantryPlus,1L,L,9.65,6.22,0.355,2948,6,V545,1,2.107,0.43,1.106,0.259
SKU000620,3053413493891,Lite Dry 775,Dry groceries,PantryPlus,box,kg,4.76,3.9,0.181,3152,8,V445,24,0.715,0.257,1.125,0.091
SKU000621,6578797031638,Classic Dry 585,Dry groceries,GoodGrain,1L,ea,8.48,5.09,0.4,3605,8,V593,24,0.404,0.128,1.281,0.145
SKU000622,5132259115300,Lite Dry 983,Dry groceries,PantryPlus,tub,ea,11.0,8.78,0.202,406,12,V886,6,0.886,0.52,0.814,0.244
SKU000623,4627381127218,Premium Dry 30,Dry groceries,StaplesCo,single,ea,6.08,4.35,0.285,925,12,V782,48,0.91,0.222,1.012,0.073
SKU000624,5953913785584,Family Pack Dry 484,Dry groceries,PantryPlus,1L,ea,7.08,4.16,0.412,2316,6,V628,6,1.134,0.389,0.719,0.247
SKU000625,2433436877953,Classic Dry 482,Dry groceries,PantryPlus,single,kg,1.16,0.91,0.216,2554,11,V481,1,0.703,0.347,0.853,0.11
SKU000626,3884198032276,Family Pack Dry 796,Dry groceries,CanMore,500g,ea,10.23,7.28,0.288,2408,14,V222,48,0.41,0.235,0.967,0.083
SKU000627,5502133631203,Original Dry 526,Dry groceries,CanMore,500ml,L,6.91,5.84,0.155,3282,9,V470,24,0.337,0.1,0.969,0.329
SKU000628,4283364172630,Organic Dry 859,Dry groceries,StaplesCo,250ml,ea,7.59,4.56,0.399,3178,6,V634,48,0.332,0.1,1.014,0.215
SKU000629,2052396639630,Family Pack Dry 856,Dry groceries,GoodGrain,bag,kg,10.71,6.48,0.395,2695,13,V399,1,0.319,0.151,1.065,0.24
SKU000630,8271492071555,Original Dry 532,Dry groceries,StaplesCo,500g,ea,5.49,3.18,0.421,548,5,V971,24,9.145,3.388,0.941,0.364
SKU000631,6903986725994,Lite Dry 113,Dry groceries,StaplesCo,box,ea,8.53,5.81,0.319,2081,7,V287,48,1.279,0.729,0.935,0.085
SKU000632,6239415928846,Classic Dry 299,Dry groceries,GoodGrain,single,L,8.25,5.73,0.305,2349,8,V110,1,0.329,0.197,0.995,0.155
SKU000633,2471274757514,Value Dry 364,Dry groceries,PantryPlus,250ml,ea,6.48,4.0,0.383,1439,8,V599,1,0.633,0.153,0.915,0.035
SKU000634,8582958041317,Organic Dry 410,Dry groceries,GoodGrain,single,L,0.87,0.58,0.333,2859,5,V674,12,1.003,0.537,0.916,0.023
SKU000635,4295913297462,Organic Dry 753,Dry groceries,CanMore,bag,ea,1.67,1.08,0.353,1869,13,V647,1,4.766,1.659,0.898,0.005
SKU000636,6604356467870,Classic Dry 801,Dry groceries,GoodGrain,single,kg,9.86,8.05,0.184,536,3,V263,48,0.454,0.163,1.035,0.224
SKU000637,7271296526190,Value Dry 69,Dry groceries,GoodGrain,250ml,ea,0.51,0.36,0.294,2256,14,V468,24,2.842,1.614,0.991,0.065
SKU000638,3360020091671,Extra Dry 54,Dry groceries,PantryPlus,1kg,ea,5.84,3.61,0.382,1972,12,V733,24,3.9,0.81,1.276,0.005
SKU000639,5741853452961,Original Dry 995,Dry groceries,StaplesCo,box,ea,5.71,3.77,0.34,2843,9,V997,6,1.027,0.235,0.831,0.203
SKU000640,5470541176224,Original Dry 83,Dry groceries,GoodGrain,box,L,9.9,6.1,0.384,2799,11,V185,12,24.069,11.813,0.839,0.064
SKU000641,5745895563174,Family Pack Dry 805,Dry groceries,CanMore,box,L,0.59,0.49,0.169,3019,4,V976,24,0.635,0.362,0.986,0.049
SKU000642,5276910204934,Family Pack Dry 728,Dry groceries,PantryPlus,1L,kg,10.96,6.08,0.445,3463,13,V692,24,0.415,0.208,1.15,0.041
SKU000643,6063042098104,Value Dry 800,Dry groceries,PantryPlus,500ml,kg,6.03,4.49,0.255,2056,5,V150,6,0.472,0.196,0.847,0.022
SKU000644,4610555639347,Family Pack Dry 792,Dry groceries,GoodGrain,tub,kg,9.57,7.27,0.24,3098,11,V711,6,1.084,0.562,1.163,0.197
SKU000645,3182511775338,Classic Dry 681,Dry groceries,StaplesCo,1L,kg,10.89,6.22,0.429,450,10,V584,24,0.545,0.312,0.908,0.069
SKU000646,5662825551857,Classic Dry 994,Dry groceries,PantryPlus,250ml,ea,11.62,7.65,0.342,3556,10,V916,24,0.398,0.162,0.782,0.006
SKU000647,2272397673406,Classic Dry 86,Dry groceries,CanMore,500ml,ea,2.29,1.53,0.332,2661,4,V393,1,0.342,0.181,0.779,0.155
SKU000648,5834585516579,Lite Dry 206,Dry groceries,CanMore,tub,L,10.88,8.35,0.233,758,8,V954,6,0.965,0.563,1.057,0.021
SKU000649,6527202245607,Extra Dry 146,Dry groceries,GoodGrain,1L,kg,3.54,2.73,0.229,1473,11,V550,6,0.406,0.131,1.129,0.16
SKU000650,6396336494258,Value Dry 456,Dry groceries,StaplesCo,500g,ea,2.38,2.02,0.151,2562,11,V764,24,0.451,0.105,1.007,0.149
SKU000651,8181473765469,Organic Dry 781,Dry groceries,StaplesCo,bag,L,9.58,6.45,0.327,1328,14,V829,1,3.817,1.312,0.987,0.182
SKU000652,8194106159871,Extra Dry 902,Dry groceries,CanMore,250ml,kg,1.43,1.08,0.245,568,11,V123,1,0.321,0.152,1.147,0.05
SKU000653,5941614783698,Extra Dry 643,Dry groceries,CanMore,tub,ea,3.35,2.28,0.319,1095,8,V131,1,5.809,1.616,1.064,0.042
SKU000654,7678796101312,Classic Dry 625,Dry groceries,GoodGrain,box,ea,2.9,2.21,0.238,3332,8,V204,12,2.088,1.025,0.776,0.027
SKU000655,8221878222735,Family Pack Dry 751,Dry groceries,PantryPlus,250ml,kg,1.86,1.23,0.339,2436,4,V436,1,0.323,0.191,1.295,0.051
SKU000656,5133874161812,Premium Dry 385,Dry groceries,GoodGrain,250g,ea,8.0,4.58,0.427,3286,9,V197,48,0.614,0.135,0.976,0.188
SKU000657,5060088468114,Original Dry 939,Dry groceries,PantryPlus,1L,L,2.18,1.53,0.298,802,13,V113,24,1.068,0.345,0.878,0.157
SKU000658,2405158221530,Premium Dry 395,Dry groceries,CanMore,bag,L,9.02,5.43,0.398,2486,3,V390,24,0.811,0.398,0.997,0.178
SKU000659,5790349764495,Family Pack Dry 422,Dry groceries,StaplesCo,500g,L,0.79,0.55,0.304,1864,11,V827,24,0.407,0.238,0.935,0.02
SKU000660,4790866343647,Value Dry 9,Dry groceries,GoodGrain,500g,ea,6.21,3.65,0.412,2689,7,V364,24,0.326,0.183,1.055,0.102
SKU000661,2742174619621,Premium Dry 604,Dry groceries,StaplesCo,bag,ea,5.76,3.22,0.441,803,8,V253,6,0.532,0.223,1.327,0.035
SKU000662,6657758489424,Family Pack Dry 594,Dry groceries,StaplesCo,250ml,ea,10.99,6.94,0.369,3399,3,V144,48,0.362,0.1,0.975,0.122
SKU000663,3216072722802,Lite Dry 281,Dry groceries,StaplesCo,500g,L,10.73,8.97,0.164,990,13,V976,6,4.145,1.068,0.966,0.194
SKU000664,5199420913075,Original Dry 39,Dry groceries,StaplesCo,tub,L,9.06,6.88,0.241,2069,11,V493,12,0.871,0.221,1.281,0.084
SKU000665,2310027366875,Organic Dry 89,Dry groceries,CanMore,tub,kg,10.69,7.36,0.312,3253,5,V773,12,0.682,0.297,0.947,0.074
SKU000666,3783409744683,Lite Dry 801,Dry groceries,GoodGrain,250ml,L,1.14,0.89,0.219,2044,12,V915,48,0.942,0.563,1.073,0.041
SKU000667,5515115316410,Family Pack Dry 98,Dry groceries,CanMore,500ml,ea,8.05,6.43,0.201,1760,4,V224,12,0.802,0.434,0.842,0.074
SKU000668,6209075592712,Classic Dry 455,Dry groceries,GoodGrain,250g,kg,11.36,9.26,0.185,3014,13,V528,24,0.322,0.111,0.832,0.251
SKU000669,8937091668603,Classic Dry 179,Dry groceries,PantryPlus,500g,kg,1.33,1.13,0.15,3126,3,V383,12,0.832,0.422,1.192,0.005
SKU000670,5960743079210,Organic Dry 61,Dry groceries,CanMore,250ml,kg,2.76,1.93,0.301,2116,9,V170,6,0.458,0.204,1.059,0.064
SKU000671,7086516301266,Family Pack Dry 601,Dry groceries,StaplesCo,250g,L,7.31,4.18,0.428,3563,6,V657,1,0.522,0.282,1.017,0.151
SKU000672,4276485556257,Organic Dry 407,Dry groceries,StaplesCo,1L,L,8.67,5.45,0.371,1814,4,V190,24,1.259,0.48,0.981,0.064
SKU000673,4575615675733,Classic Dry 277,Dry groceries,StaplesCo,1kg,L,5.9,4.29,0.273,3090,3,V229,48,0.673,0.371,1.031,0.073
SKU000674,3837941129346,Family Pack Dry 41,Dry groceries,CanMore,1L,ea,8.95,5.95,0.335,1418,11,V719,24,0.419,0.229,0.888,0.094
SKU000675,3047504199946,Family Pack Dry 629,Dry groceries,CanMore,250ml,kg,6.31,4.2,0.334,811,14,V347,48,0.647,0.206,0.987,0.135
SKU000676,3054348494476,Organic Dry 241,Dry groceries,GoodGrain,box,ea,1.86,1.22,0.344,504,11,V701,12,0.557,0.331,1.02,0.368
SKU000677,4724363117393,Value Dry 303,Dry groceries,CanMore,single,kg,2.75,1.82,0.338,774,9,V556,24,0.431,0.155,0.853,0.038
SKU000678,7478339923358,Premium Dry 22,Dry groceries,CanMore,1kg,L,2.26,1.58,0.301,974,13,V663,48,0.336,0.127,0.772,0.31
SKU000679,6567047558022,Extra Dry 95,Dry groceries,StaplesCo,250g,kg,2.6,1.8,0.308,769,4,V995,12,0.359,0.1,0.803,0.036
SKU000680,7241483191083,Extra Dry 852,Dry groceries,GoodGrain,single,L,3.9,2.78,0.287,2829,6,V363,12,0.469,0.145,0.898,0.092
SKU000681,8188285427024,Premium Dry 935,Dry groceries,StaplesCo,250ml,L,7.77,5.24,0.326,437,8,V780,6,0.784,0.347,0.9,0.196
SKU000682,4364200684073,Family Pack Dry 273,Dry groceries,CanMore,box,L,8.9,7.2,0.191,552,6,V355,6,0.331,0.1,1.082,0.125
SKU000683,8029984267570,Family Pack Dry 74,Dry groceries,StaplesCo,box,ea,2.38,2.01,0.155,960,8,V537,12,1.678,0.672,1.039,0.035
SKU000684,2212458663566,Family Pack Dry 657,Dry groceries,StaplesCo,250ml,ea,4.01,3.0,0.252,1224,12,V629,24,0.5,0.155,0.96,0.065
SKU000685,8444164049764,Lite Dry 651,Dry groceries,GoodGrain,single,L,9.43,7.15,0.242,1188,3,V983,6,1.105,0.337,0.944,0.173
SKU000686,7853206716653,Classic Dry 273,Dry groceries,PantryPlus,box,kg,0.84,0.61,0.274,838,7,V486,24,2.209,0.594,1.024,0.086
SKU000687,2668100443987,Premium Dry 472,Dry groceries,GoodGrain,500ml,kg,5.65,4.39,0.223,487,6,V790,12,0.77,0.258,0.958,0.086
SKU000688,8357789212309,Value Dry 603,Dry groceries,StaplesCo,1kg,kg,9.7,6.17,0.364,1260,4,V737,24,0.425,0.235,1.089,0.016
SKU000689,5049419878912,Family Pack Dry 982,Dry groceries,CanMore,single,L,5.51,3.27,0.407,1181,6,V788,24,16.167,7.247,1.232,0.295
SKU000690,4245821532407,Original Dry 652,Dry groceries,GoodGrain,1kg,ea,5.91,4.94,0.164,2283,4,V254,1,1.144,0.323,1.052,0.031
SKU000691,4567197646602,Classic Dry 69,Dry groceries,CanMore,500ml,L,11.59,7.56,0.348,1982,9,V463,6,3.203,0.975,0.523,0.185
SKU000692,6875817465527,Original Dry 981,Dry groceries,GoodGrain,1kg,L,4.1,2.92,0.288,2850,8,V831,24,0.569,0.16,1.209,0.113
SKU000693,6769565978289,Original Dry 232,Dry groceries,PantryPlus,box,L,11.23,6.21,0.447,1568,10,V158,1,1.005,0.415,0.932,0.035
SKU000694,7778139298810,Extra Dry 565,Dry groceries,StaplesCo,1L,L,7.14,5.18,0.275,2527,5,V155,12,0.351,0.118,0.744,0.034
SKU000695,5385630596944,Extra Dry 192,Dry groceries,StaplesCo,1L,kg,8.34,6.18,0.259,628,3,V226,6,0.556,0.18,0.707,0.415
SKU000696,8162871240924,Family Pack Dry 539,Dry groceries,PantryPlus,500ml,ea,10.6,8.24,0.223,2754,8,V563,6,1.156,0.463,0.986,0.19
SKU000697,2425102446601,Premium Dry 811,Dry groceries,CanMore,250g,L,7.37,5.95,0.193,3104,8,V250,1,3.012,1.046,1.078,0.188
SKU000698,4311642417395,Value Dry 737,Dry groceries,CanMore,box,L,6.78,5.15,0.24,2834,14,V879,48,0.583,0.288,1.01,0.111
SKU000699,4333507788198,Value Dry 210,Dry groceries,StaplesCo,1kg,L,7.13,5.57,0.219,1658,14,V708,48,0.483,0.268,1.042,0.022
SKU000700,6116769942674,Value Dry 668,Dry groceries,PantryPlus,500ml,ea,0.98,0.73,0.255,2163,13,V950,48,0.652,0.188,1.092,0.1
SKU000701,4040791842978,Premium Dry 412,Dry groceries,StaplesCo,250ml,ea,11.14,8.87,0.204,2754,3,V625,12,0.412,0.165,0.898,0.037
SKU000702,4860794772551,Organic Dry 168,Dry groceries,GoodGrain,1kg,L,10.28,5.7,0.446,3393,3,V629,24,4.797,2.597,0.699,0.227
SKU000703,8674213117732,Classic Dry 69,Dry groceries,CanMore,250g,kg,9.52,5.42,0.431,1447,12,V518,1,2.216,0.689,0.96,0.166
SKU000704,5429719462235,Premium Dry 783,Dry groceries,GoodGrain,tub,ea,10.79,8.73,0.191,2061,13,V953,12,1.805,0.402,1.191,0.048
SKU000705,6099121565842,Original Dry 739,Dry groceries,CanMore,box,L,8.77,4.93,0.438,915,14,V497,12,6.684,2.533,1.016,0.123
SKU000706,2600843585354,Premium Dry 254,Dry groceries,PantryPlus,single,kg,11.75,9.14,0.222,2129,3,V399,12,0.625,0.173,1.009,0.13
SKU000707,8389344554626,Extra Dry 762,Dry groceries,PantryPlus,250ml,ea,9.0,5.36,0.404,1235,9,V733,24,0.327,0.142,1.147,0.105
SKU000708,7645314228918,Lite Dry 324,Dry groceries,CanMore,1kg,ea,3.46,2.32,0.329,1727,13,V760,12,0.948,0.225,0.941,0.065
SKU000709,7145705904851,Extra Dry 12,Dry groceries,CanMore,500g,L,10.01,6.95,0.306,2697,10,V369,48,2.753,0.652,1.062,0.341
SKU000710,4332768348161,Premium Dry 630,Dry groceries,StaplesCo,tub,ea,4.15,2.4,0.422,1297,13,V433,12,0.317,0.1,0.905,0.213
SKU000711,7346882680154,Lite Dry 576,Dry groceries,PantryPlus,single,ea,2.92,1.9,0.349,1820,4,V632,24,0.386,0.177,1.19,0.113
SKU000712,5289851717113,Organic Dry 712,Dry groceries,StaplesCo,250ml,kg,8.32,6.44,0.226,3204,11,V636,24,5.025,2.256,0.976,0.223
SKU000713,3308143579591,Value Dry 332,Dry groceries,GoodGrain,1kg,ea,9.18,7.2,0.216,2052,13,V451,24,0.389,0.222,1.219,0.046
SKU000714,6102339417304,Organic Dry 675,Dry groceries,PantryPlus,250ml,L,7.32,4.93,0.327,3313,5,V407,24,0.351,0.165,0.846,0.22
SKU000715,6320394767505,Premium Dry 556,Dry groceries,CanMore,box,L,5.64,3.93,0.303,1812,12,V385,6,5.469,3.214,0.893,0.153
SKU000716,6177991029911,Organic Dry 811,Dry groceries,PantryPlus,box,kg,3.23,1.81,0.44,1975,12,V881,1,1.662,0.418,0.82,0.113
SKU000717,4517806480478,Premium Dry 234,Dry groceries,CanMore,tub,L,4.69,3.94,0.16,1514,13,V642,24,0.438,0.146,0.969,0.006
SKU000718,3979446094845,Family Pack Dry 58,Dry groceries,StaplesCo,1L,L,1.35,1.0,0.259,3188,5,V481,6,0.339,0.108,0.831,0.069
SKU000719,8663620865928,Organic Dry 660,Dry groceries,StaplesCo,tub,L,0.57,0.42,0.263,507,7,V654,12,0.924,0.31,0.979,0.283
SKU000720,7122567590810,Family Pack Dry 759,Dry groceries,PantryPlus,box,ea,1.41,1.05,0.255,2352,7,V267,24,0.544,0.157,1.04,0.151
SKU000721,3148737279939,Premium Dry 452,Dry groceries,GoodGrain,500ml,L,9.57,7.15,0.253,370,3,V107,6,0.327,0.121,0.687,0.001
SKU000722,4073677755921,Original Dry 591,Dry groceries,StaplesCo,500ml,ea,2.15,1.71,0.205,554,5,V948,1,5.764,3.332,0.897,0.009
SKU000723,7978155002794,Classic Dry 806,Dry groceries,PantryPlus,500g,ea,11.33,9.06,0.2,3106,9,V501,6,0.452,0.203,1.144,0.002
SKU000724,7348144803815,Value Dry 847,Dry groceries,CanMore,500g,kg,3.13,2.53,0.192,693,4,V785,6,0.809,0.333,1.053,0.137
SKU000725,5372237561275,Lite Dry 310,Dry groceries,StaplesCo,250g,ea,7.57,6.13,0.19,1521,11,V963,48,0.859,0.371,1.033,0.06
SKU000726,2040036685105,Lite Dry 447,Dry groceries,PantryPlus,500g,kg,5.75,3.23,0.438,1499,13,V974,1,0.707,0.32,1.084,0.281
SKU000727,4494003602456,Value Dry 651,Dry groceries,StaplesCo,bag,ea,10.37,6.9,0.335,2422,12,V263,6,1.188,0.46,0.877,0.239
SKU000728,2158511977497,Value Dry 315,Dry groceries,StaplesCo,1kg,kg,5.84,4.62,0.209,518,12,V959,1,0.568,0.316,1.267,0.085
SKU000729,6380164509867,Lite Dry 329,Dry groceries,GoodGrain,500ml,kg,9.44,7.22,0.235,3114,5,V270,6,1.891,0.688,1.216,0.097
SKU000730,4598682882445,Original Dry 817,Dry groceries,CanMore,bag,kg,9.95,5.93,0.404,797,3,V832,24,0.931,0.224,1.147,0.035
SKU000731,7082580698696,Lite Dry 277,Dry groceries,GoodGrain,box,ea,6.05,3.74,0.382,859,3,V248,1,3.964,2.218,0.815,0.155
SKU000732,4265942611686,Original Dry 951,Dry groceries,PantryPlus,box,kg,1.23,0.91,0.26,615,14,V544,48,0.929,0.346,1.21,0.009
SKU000733,3010612592255,Extra Dry 945,Dry groceries,PantryPlus,500g,kg,3.15,1.76,0.441,3034,14,V619,24,0.542,0.307,1.06,0.007
SKU000734,7659657849017,Original Dry 687,Dry groceries,GoodGrain,250g,L,2.74,2.22,0.19,2698,11,V472,6,0.411,0.129,1.056,0.25
SKU000735,5544701400549,Family Pack Dry 667,Dry groceries,StaplesCo,box,L,9.72,7.85,0.192,853,4,V178,12,0.48,0.199,0.928,0.035
SKU000736,7110537161894,Premium Dry 688,Dry groceries,PantryPlus,250ml,kg,1.62,1.03,0.364,1412,6,V360,1,0.62,0.253,0.854,0.005
SKU000737,5455757415496,Original Dry 23,Dry groceries,CanMore,1L,kg,10.52,7.5,0.287,1669,12,V328,12,0.482,0.1,1.02,0.017
SKU000738,2504970611247,Lite Dry 366,Dry groceries,GoodGrain,single,ea,11.44,7.83,0.316,816,7,V409,1,0.5,0.195,0.843,0.299
SKU000739,4370991304799,Organic Dry 847,Dry groceries,StaplesCo,500ml,ea,3.19,2.37,0.257,3136,8,V238,12,6.991,3.117,0.801,0.04
SKU000740,2965101964462,Classic Dry 71,Dry groceries,StaplesCo,250ml,ea,4.51,3.79,0.16,1954,5,V530,48,0.354,0.106,0.826,0.08
SKU000741,5344763508166,Original Dry 888,Dry groceries,GoodGrain,single,ea,4.35,3.47,0.202,2497,3,V307,1,3.174,1.07,0.984,0.049
SKU000742,4999245165076,Value Dry 427,Dry groceries,GoodGrain,250g,ea,7.39,4.07,0.449,1547,6,V501,1,0.341,0.194,1.395,0.078
SKU000743,3189508952100,Family Pack Dry 943,Dry groceries,PantryPlus,tub,ea,3.67,2.22,0.395,797,12,V342,48,0.468,0.137,1.039,0.376
SKU000744,5307540961503,Extra Dry 889,Dry groceries,CanMore,1L,kg,9.17,6.78,0.261,626,11,V678,12,0.695,0.397,0.891,0.276
SKU000745,3951596491033,Extra Dry 890,Dry groceries,CanMore,250g,ea,10.94,7.52,0.313,1350,14,V835,6,0.757,0.285,0.986,0.145
SKU000746,6069040255322,Original Dry 7,Dry groceries,CanMore,box,ea,5.69,3.79,0.334,2399,9,V483,12,0.498,0.179,0.958,0.12
SKU000747,6228899893269,Lite Dry 30,Dry groceries,PantryPlus,box,ea,2.45,1.37,0.441,3075,13,V210,6,0.4,0.211,1.105,0.155
SKU000748,2420457298300,Lite Dry 178,Dry groceries,GoodGrain,single,ea,2.38,1.42,0.403,890,4,V774,6,1.885,0.666,1.328,0.173
SKU000749,5266774733633,Value Dry 724,Dry groceries,GoodGrain,1kg,kg,4.18,2.45,0.414,3051,8,V833,48,64.135,15.347,1.102,0.135
SKU000750,3811133978684,Value Dry 183,Dry groceries,GoodGrain,500g,ea,5.98,4.21,0.296,2644,4,V421,12,0.414,0.198,0.779,0.036
SKU000751,7482279526347,Lite Dry 251,Dry groceries,StaplesCo,bag,kg,3.37,2.66,0.211,1098,3,V514,48,1.037,0.309,0.933,0.037
SKU000752,6234312433933,Premium Dry 827,Dry groceries,CanMore,single,ea,5.73,4.51,0.213,2441,8,V674,6,0.37,0.161,1.073,0.02
SKU000753,6406130282234,Lite Dry 452,Dry groceries,PantryPlus,1L,ea,7.92,6.73,0.15,2210,13,V446,48,2.427,0.904,0.848,0.032
SKU000754,4111688510303,Family Pack Dry 809,Dry groceries,CanMore,500ml,L,5.12,3.56,0.305,1748,5,V857,6,0.351,0.127,1.181,0.101
SKU000755,4158105149654,Value Dry 471,Dry groceries,CanMore,single,L,6.33,4.18,0.34,999,3,V990,48,1.053,0.311,0.676,0.056
SKU000756,7304969241733,Extra Dry 804,Dry groceries,CanMore,bag,ea,6.59,4.14,0.372,2885,6,V551,6,2.764,1.575,0.999,0.241
SKU000757,3436751307233,Classic Dry 481,Dry groceries,PantryPlus,250g,kg,5.71,4.45,0.221,656,8,V464,48,2.154,1.065,0.813,0.183
SKU000758,5707707497310,Original Dry 45,Dry groceries,CanMore,500ml,ea,8.14,5.15,0.367,767,11,V243,12,0.346,0.175,1.18,0.031
SKU000759,8457450659817,Premium Dry 19,Dry groceries,GoodGrain,250g,kg,8.38,6.5,0.224,422,3,V797,48,0.323,0.109,0.922,0.126
SKU000760,2862172450050,Classic Dry 685,Dry groceries,PantryPlus,500g,ea,3.95,2.91,0.263,1969,10,V914,1,1.077,0.519,1.046,0.342
SKU000761,4674828917927,Premium Dry 23,Dry groceries,GoodGrain,500g,ea,2.75,2.14,0.222,1646,11,V700,48,0.502,0.258,0.811,0.075
SKU000762,5203928030490,Organic Dry 549,Dry groceries,GoodGrain,single,L,10.65,7.3,0.315,1595,10,V154,1,0.989,0.52,0.968,0.229
SKU000763,2864206376429,Original Dry 957,Dry groceries,PantryPlus,250g,kg,9.21,7.1,0.229,937,6,V897,12,2.081,0.834,0.91,0.041
SKU000764,2922064181618,Extra Dry 309,Dry groceries,CanMore,box,kg,4.73,3.46,0.268,382,14,V122,12,0.357,0.166,1.176,0.119
SKU000765,2129767831165,Extra Dry 696,Dry groceries,StaplesCo,500ml,ea,6.74,5.6,0.169,2089,9,V893,6,0.506,0.224,0.975,0.174
SKU000766,5496505529769,Organic Dry 148,Dry groceries,GoodGrain,box,ea,6.98,4.96,0.289,1552,14,V884,24,0.409,0.1,1.104,0.028
SKU000767,2752122834466,Original Dry 155,Dry groceries,CanMore,250g,kg,3.4,2.41,0.291,1108,9,V435,1,0.416,0.145,0.96,0.133
SKU000768,3905326732341,Organic Dry 654,Dry groceries,CanMore,box,ea,8.84,6.9,0.219,2128,3,V560,12,2.515,0.814,0.833,0.01
SKU000769,8376347696877,Classic Dry 641,Dry groceries,StaplesCo,bag,L,11.88,7.19,0.395,3095,8,V987,24,0.85,0.43,0.849,0.103
SKU000770,6919624662419,Classic Dry 799,Dry groceries,CanMore,500g,L,1.87,1.33,0.289,1718,6,V762,48,0.541,0.254,0.784,0.054
SKU000771,8200739005919,Organic Dry 193,Dry groceries,CanMore,single,ea,0.99,0.56,0.434,929,8,V384,48,0.663,0.301,0.913,0.313
SKU000772,3834580125295,Family Pack Dry 344,Dry groceries,CanMore,250g,kg,5.0,4.09,0.182,3606,9,V483,6,1.146,0.541,1.031,0.062
SKU000773,4096259471701,Premium Dry 873,Dry groceries,PantryPlus,250g,ea,11.61,8.05,0.307,867,14,V724,1,3.942,1.528,1.297,0.008
SKU000774,3941923137183,Premium Dry 841,Dry groceries,GoodGrain,500ml,L,11.76,7.26,0.383,2679,14,V906,12,1.16,0.333,1.114,0.042
SKU000775,3043009633559,Original Dry 419,Dry groceries,CanMore,250g,ea,2.16,1.47,0.319,2346,6,V445,1,1.097,0.461,0.791,0.016
SKU000776,2184341045981,Family Pack Dry 40,Dry groceries,StaplesCo,box,kg,6.7,4.72,0.296,609,8,V389,48,0.506,0.119,0.977,0.032
SKU000777,4831199626747,Value Dry 469,Dry groceries,PantryPlus,tub,kg,11.01,6.44,0.415,716,6,V707,24,0.36,0.144,1.169,0.096
SKU000778,2618237738780,Original Dry 565,Dry groceries,CanMore,250ml,kg,2.37,1.79,0.245,939,8,V477,12,5.9,2.845,1.234,0.153
SKU000779,8603068113655,Value Dry 586,Dry groceries,PantryPlus,single,kg,2.83,1.85,0.346,2636,8,V916,1,0.319,0.185,0.949,0.007
SKU000780,2124456005562,Family Pack Dry 743,Dry groceries,CanMore,500ml,kg,0.51,0.35,0.314,983,4,V789,1,1.289,0.699,0.94,0.011
SKU000781,4076200417210,Organic Dry 20,Dry groceries,PantryPlus,box,ea,11.53,9.2,0.202,2214,5,V556,48,0.348,0.1,0.752,0.324
SKU000782,8732291505369,Original Dry 868,Dry groceries,StaplesCo,single,kg,7.74,4.79,0.381,3484,14,V717,12,0.413,0.1,0.944,0.02
SKU000783,6974082473867,Organic Dry 183,Dry groceries,CanMore,1L,L,7.08,4.81,0.321,2443,13,V827,12,3.025,1.71,1.066,0.071
SKU000784,6020949270385,Organic Dry 923,Dry groceries,PantryPlus,tub,kg,2.25,1.26,0.44,3192,4,V435,24,1.32,0.492,1.145,0.104
SKU000785,4504351120735,Organic Dry 16,Dry groceries,StaplesCo,bag,kg,3.27,2.48,0.242,3586,12,V854,24,0.728,0.424,1.093,0.123
SKU000786,8950924847278,Extra Dry 244,Dry groceries,StaplesCo,500ml,ea,0.81,0.46,0.432,2151,14,V571,6,0.353,0.1,1.183,0.062
SKU000787,4730860975988,Lite Dry 896,Dry groceries,PantryPlus,250g,kg,5.44,4.35,0.2,2215,7,V289,48,0.328,0.146,0.826,0.214
SKU000788,2096801935726,Value Dry 126,Dry groceries,StaplesCo,1kg,L,8.31,4.71,0.433,928,14,V488,24,0.433,0.138,0.914,0.006
SKU000789,7627551124465,Value Dry 592,Dry groceries,StaplesCo,bag,ea,8.34,6.94,0.168,3157,8,V909,24,0.385,0.171,1.012,0.154
SKU000790,4236625432520,Value Dry 793,Dry groceries,StaplesCo,1L,L,9.65,7.63,0.209,3447,10,V588,1,0.835,0.344,0.821,0.11
SKU000791,7891285345775,Organic Dry 502,Dry groceries,StaplesCo,250g,L,9.53,6.77,0.29,3455,4,V724,6,1.477,0.743,1.007,0.024
SKU000792,6556346218108,Lite Dry 459,Dry groceries,StaplesCo,1kg,L,11.77,6.86,0.417,1727,6,V783,1,0.489,0.266,0.834,0.067
SKU000793,7794876474635,Lite Dry 413,Dry groceries,StaplesCo,250g,L,2.57,1.98,0.23,3204,7,V420,24,0.366,0.101,1.094,0.098
SKU000794,7180038024565,Organic Dry 798,Dry groceries,GoodGrain,1L,kg,0.95,0.73,0.232,1288,3,V136,6,0.562,0.123,1.318,0.044
SKU000795,4596869343922,Original Dry 380,Dry groceries,StaplesCo,bag,kg,0.55,0.34,0.382,3113,7,V457,48,1.834,0.645,1.237,0.293
SKU000796,8425664976747,Organic Dry 556,Dry groceries,CanMore,single,kg,9.29,5.62,0.395,1001,8,V588,12,0.358,0.18,1.245,0.218
SKU000797,5424784467294,Organic Dry 218,Dry groceries,CanMore,bag,ea,5.92,3.98,0.328,1717,5,V601,12,1.521,0.638,0.86,0.037
SKU000798,2387584888534,Classic Dry 677,Dry groceries,PantryPlus,1kg,kg,4.63,3.59,0.225,2064,4,V734,48,3.921,0.852,0.987,0.137
SKU000799,5000638456325,Extra Dry 437,Dry groceries,GoodGrain,500ml,kg,8.17,5.68,0.305,2070,4,V763,12,0.601,0.233,0.872,0.092
SKU000800,8442355691591,Classic Dry 76,Dry groceries,PantryPlus,500ml,kg,9.23,5.11,0.446,1389,7,V194,1,0.474,0.26,0.767,0.129
SKU000801,3294821628008,Classic Dry 840,Dry groceries,CanMore,250g,ea,8.28,6.51,0.214,1791,13,V969,6,5.13,1.551,1.045,0.158
SKU000802,5104969784875,Classic Dry 480,Dry groceries,CanMore,1L,ea,3.16,2.37,0.25,3466,7,V167,48,10.627,3.345,1.02,0.046
SKU000803,2988895712305,Classic Dry 245,Dry groceries,GoodGrain,bag,L,7.46,5.2,0.303,2166,5,V540,6,0.509,0.123,0.918,0.115
SKU000804,8975785293115,Original Dry 904,Dry groceries,GoodGrain,250ml,L,1.02,0.68,0.333,1125,14,V958,12,0.638,0.316,1.009,0.024
SKU000805,4397193590757,Extra Dry 235,Dry groceries,PantryPlus,box,L,7.69,4.89,0.364,1818,13,V560,1,0.334,0.122,1.268,0.058
SKU000806,6906693912763,Premium Dry 605,Dry groceries,CanMore,500g,kg,3.91,3.2,0.182,482,7,V247,6,0.343,0.2,1.005,0.053
SKU000807,4343819458695,Extra Dry 59,Dry groceries,CanMore,tub,kg,8.58,4.94,0.424,2411,4,V442,24,0.36,0.139,0.955,0.074
SKU000808,7590791564218,Value Dry 518,Dry groceries,GoodGrain,single,ea,11.54,7.97,0.309,3413,5,V811,48,1.683,0.58,0.986,0.12
SKU000809,5942157372121,Organic Dry 769,Dry groceries,StaplesCo,1kg,ea,6.08,4.99,0.179,2807,14,V703,24,0.445,0.146,0.898,0.05
SKU000810,6825265922115,Original Dry 132,Dry groceries,CanMore,1L,ea,5.29,3.77,0.287,3469,4,V308,24,2.961,0.87,0.818,0.033
SKU000811,5624472095947,Value Dry 872,Dry groceries,PantryPlus,1L,ea,10.72,7.15,0.333,1301,14,V610,12,0.511,0.151,0.987,0.062
SKU000812,4408728740132,Organic Dry 543,Dry groceries,StaplesCo,250g,ea,7.72,6.49,0.159,3602,13,V209,1,0.381,0.108,1.107,0.18
SKU000813,3195265062712,Extra Dry 774,Dry groceries,GoodGrain,box,L,2.39,1.74,0.272,3216,9,V200,1,1.423,0.813,0.814,0.037
SKU000814,5863782866523,Classic Dry 302,Dry groceries,StaplesCo,1kg,L,7.58,6.32,0.166,2880,10,V666,1,0.815,0.388,0.928,0.007
SKU000815,7375753989438,Premium Dry 955,Dry groceries,PantryPlus,box,kg,2.98,2.5,0.161,2645,9,V506,1,0.512,0.283,0.965,0.182
SKU000816,4002165589818,Original Dry 932,Dry groceries,GoodGrain,box,ea,11.23,9.08,0.191,1712,14,V812,48,0.552,0.214,1.081,0.109
SKU000817,3284094848098,Value Dry 513,Dry groceries,CanMore,250g,kg,5.74,3.55,0.382,2003,12,V471,48,0.38,0.141,1.105,0.078
SKU000818,3754290523600,Original Dry 833,Dry groceries,StaplesCo,250ml,ea,8.42,6.77,0.196,1370,4,V498,1,4.098,1.876,1.251,0.269
SKU000819,4643061186172,Family Pack Dry 993,Dry groceries,CanMore,500g,L,2.31,1.84,0.203,1211,6,V525,48,5.202,2.884,1.281,0.105
SKU000820,4612400704196,Value Dry 759,Dry groceries,CanMore,250g,ea,2.35,1.74,0.26,2650,12,V919,12,0.33,0.193,0.853,0.057
SKU000821,6437987038387,Lite Dry 666,Dry groceries,PantryPlus,tub,ea,7.89,5.27,0.332,1117,12,V706,48,0.378,0.198,0.884,0.251
SKU000822,5229082922673,Family Pack Dry 814,Dry groceries,GoodGrain,bag,L,10.25,6.03,0.412,1219,10,V749,24,0.322,0.1,0.98,0.092
SKU000823,2883272780508,Family Pack Dry 738,Dry groceries,CanMore,single,ea,3.73,2.87,0.231,1848,7,V731,12,0.711,0.375,0.962,0.24
SKU000824,6319341800421,Lite Dry 460,Dry groceries,CanMore,1L,kg,4.2,2.54,0.395,996,7,V957,6,0.907,0.354,0.799,0.021
SKU000825,5377292340839,Extra Dry 630,Dry groceries,StaplesCo,single,ea,9.84,8.07,0.18,2216,5,V453,12,2.865,1.539,1.151,0.017
SKU000826,5010253606473,Extra Dry 23,Dry groceries,PantryPlus,500ml,ea,4.07,3.04,0.253,3642,14,V686,6,0.985,0.198,1.043,0.066
SKU000827,5113569634006,Premium Dry 705,Dry groceries,StaplesCo,bag,L,8.69,5.57,0.359,2808,13,V127,24,0.372,0.137,1.116,0.081
SKU000828,5168632932433,Premium Dry 84,Dry groceries,StaplesCo,250g,kg,4.38,2.59,0.409,3580,6,V613,6,1.046,0.411,0.958,0.221
SKU000829,6821460234715,Extra Dry 506,Dry groceries,PantryPlus,1kg,ea,8.02,5.89,0.266,2840,6,V161,12,19.603,11.562,0.789,0.001
SKU000830,6263666575435,Classic Dry 767,Dry groceries,CanMore,box,L,4.1,2.98,0.273,1806,11,V836,1,159.227,77.536,1.192,0.033
SKU000831,6734498386286,Classic Dry 76,Dry groceries,GoodGrain,500ml,ea,6.63,4.78,0.279,3022,7,V612,6,3.777,1.421,1.097,0.118
SKU000832,7886404134201,Value Dry 988,Dry groceries,StaplesCo,tub,kg,7.63,5.29,0.307,2629,13,V678,1,0.93,0.365,0.981,0.101
SKU000833,2619371429654,Extra Dry 560,Dry groceries,CanMore,250g,L,11.64,7.18,0.383,2636,7,V898,1,0.49,0.272,1.239,0.105
SKU000834,6770737701600,Premium Dry 720,Dry groceries,CanMore,tub,L,3.56,2.75,0.228,1683,9,V996,48,0.501,0.105,1.193,0.024
SKU000835,4827376575081,Organic Dry 179,Dry groceries,PantryPlus,box,L,8.47,6.1,0.28,3026,11,V394,12,0.349,0.1,1.024,0.269
SKU000836,5686803500739,Lite Dry 854,Dry groceries,GoodGrain,1kg,ea,3.57,2.32,0.35,2833,7,V308,48,2.063,0.44,1.111,0.115
SKU000837,2389074537080,Family Pack Dry 885,Dry groceries,PantryPlus,1L,L,5.0,3.54,0.292,630,14,V981,1,0.363,0.133,1.016,0.161
SKU000838,8718704948149,Value Dry 786,Dry groceries,PantryPlus,500g,ea,1.41,1.12,0.206,1179,10,V723,48,0.401,0.141,1.078,0.163
SKU000839,6624837543654,Original Dry 603,Dry groceries,GoodGrain,single,kg,1.58,1.16,0.266,2863,12,V512,6,0.375,0.185,1.252,0.232
SKU000840,8028765630127,Original Dry 66,Dry groceries,CanMore,500ml,ea,10.75,8.22,0.235,2369,12,V190,1,33.342,9.648,1.016,0.018
SKU000841,3253603945990,Organic Dry 928,Dry groceries,StaplesCo,500g,ea,11.73,7.18,0.388,3529,12,V825,12,11.898,5.537,0.865,0.086
SKU000842,2787551147963,Classic Dry 194,Dry groceries,PantryPlus,250g,ea,9.39,6.75,0.281,1640,9,V672,12,0.642,0.383,0.88,0.0
SKU000843,7382844285720,Family Pack Dry 646,Dry groceries,PantryPlus,single,ea,9.93,7.46,0.249,2150,8,V532,12,4.342,2.517,1.144,0.051
SKU000844,2873855742347,Organic Dry 396,Dry groceries,StaplesCo,tub,ea,7.04,4.36,0.381,1673,10,V142,12,0.447,0.188,1.044,0.127
SKU000845,3666529661006,Original Dry 265,Dry groceries,StaplesCo,box,L,8.01,6.52,0.186,1147,4,V846,24,15.265,7.674,1.067,0.055
SKU000846,4162664274632,Organic Dry 789,Dry groceries,StaplesCo,bag,L,1.01,0.68,0.327,2559,13,V174,24,0.882,0.356,0.871,0.001
SKU000847,4869781482062,Extra Dry 783,Dry groceries,CanMore,250g,L,10.34,6.75,0.347,630,3,V740,12,2.609,1.229,0.92,0.276
SKU000848,3434244132424,Classic Dry 748,Dry groceries,CanMore,1L,ea,10.94,6.9,0.369,3052,12,V414,6,0.606,0.13,0.9,0.013
SKU000849,7767423010318,Premium Dry 982,Dry groceries,StaplesCo,box,L,3.67,2.96,0.193,2418,10,V280,12,0.675,0.356,0.907,0.014
SKU000850,5326994479066,Classic Dry 278,Dry groceries,CanMore,250ml,ea,10.47,7.77,0.258,2457,12,V905,1,0.332,0.1,1.221,0.082
SKU000851,3565821463564,Family Pack Dry 721,Dry groceries,CanMore,box,L,1.22,0.76,0.377,2787,9,V285,1,0.988,0.555,1.009,0.055
SKU000852,6426761344931,Premium Dry 372,Dry groceries,StaplesCo,500g,L,11.52,6.97,0.395,1527,6,V731,1,0.34,0.178,1.092,0.016
SKU000853,8570819420166,Organic Dry 726,Dry groceries,GoodGrain,single,ea,11.38,9.29,0.184,612,14,V461,1,0.439,0.153,1.206,0.009
SKU000854,2146696762599,Extra Dry 648,Dry groceries,StaplesCo,single,L,7.43,6.05,0.186,1706,14,V627,24,0.453,0.214,0.78,0.013
SKU000855,4554623579763,Family Pack Dry 880,Dry groceries,GoodGrain,bag,ea,7.66,6.19,0.192,3098,8,V998,6,0.339,0.19,1.039,0.193
SKU000856,2700733657788,Premium Dry 621,Dry groceries,CanMore,1L,kg,5.01,3.58,0.285,2132,12,V875,6,1.063,0.514,1.073,0.032
SKU000857,7014307667573,Lite Dry 491,Dry groceries,PantryPlus,500ml,L,5.36,3.42,0.362,1675,5,V610,24,0.797,0.401,1.254,0.028
SKU000858,4450778600280,Extra Dry 426,Dry groceries,PantryPlus,250g,L,3.11,2.35,0.244,2355,3,V112,1,0.374,0.1,1.155,0.026
SKU000859,7682501566762,Organic Dry 30,Dry groceries,GoodGrain,bag,ea,0.95,0.63,0.337,3562,4,V372,6,0.395,0.227,1.016,0.028
SKU000860,6330423157027,Extra Dry 464,Dry groceries,StaplesCo,tub,kg,5.46,3.47,0.364,907,12,V348,48,1.645,0.453,0.758,0.241
SKU000861,7009607531521,Classic Dry 580,Dry groceries,PantryPlus,250ml,kg,4.69,2.83,0.397,3129,13,V263,12,3.501,0.963,0.963,0.072
SKU000862,4654055697155,Value Dry 870,Dry groceries,StaplesCo,bag,L,5.94,4.47,0.247,1223,5,V453,1,0.702,0.291,1.173,0.238
SKU000863,4751506673186,Classic Dry 440,Dry groceries,PantryPlus,250g,L,8.08,5.38,0.334,1174,4,V271,1,2.974,1.241,1.045,0.101
SKU000864,6079040284733,Classic Dry 484,Dry groceries,CanMore,250ml,ea,1.69,1.09,0.355,822,6,V244,6,0.939,0.286,0.986,0.107
SKU000865,2640632018846,Lite Dry 895,Dry groceries,StaplesCo,1kg,L,7.03,5.23,0.256,2879,8,V910,6,0.514,0.183,0.99,0.179
SKU000866,4943196226609,Value Dry 897,Dry groceries,PantryPlus,box,ea,1.49,1.15,0.228,707,7,V426,6,0.491,0.233,0.945,0.07
SKU000867,5050048172460,Premium Dry 521,Dry groceries,GoodGrain,1kg,ea,7.69,5.77,0.25,3276,11,V480,48,12.85,4.864,0.913,0.013
SKU000868,2698929071509,Premium Dry 460,Dry groceries,GoodGrain,500g,L,2.49,1.87,0.249,933,8,V694,1,0.402,0.19,1.19,0.165
SKU000869,8332812198431,Family Pack Dry 498,Dry groceries,GoodGrain,1kg,kg,4.28,3.58,0.164,577,9,V545,6,0.548,0.265,0.981,0.046
SKU000870,8943341453449,Premium Dry 458,Dry groceries,GoodGrain,box,L,5.04,3.2,0.365,2353,3,V971,6,0.49,0.162,1.057,0.248
SKU000871,6549794702754,Lite Dry 434,Dry groceries,GoodGrain,250ml,kg,7.21,5.1,0.293,2277,8,V499,24,0.716,0.17,0.825,0.009
SKU000872,7924134165411,Family Pack Dry 777,Dry groceries,CanMore,bag,L,1.7,1.42,0.165,498,9,V861,24,0.456,0.209,1.16,0.247
SKU000873,2085367553610,Premium Dry 700,Dry groceries,GoodGrain,500ml,L,1.66,1.11,0.331,452,5,V223,12,3.064,0.704,0.736,0.003
SKU000874,8908378240064,Organic Dry 34,Dry groceries,StaplesCo,500g,ea,9.14,7.36,0.195,2817,5,V390,6,0.477,0.228,1.197,0.013
SKU000875,4613839993142,Family Pack Dry 323,Dry groceries,CanMore,1kg,kg,6.1,4.46,0.269,2614,9,V906,12,0.487,0.176,0.865,0.143
SKU000876,7332974938342,Value Dry 355,Dry groceries,StaplesCo,box,kg,4.04,2.48,0.386,2368,8,V849,6,0.678,0.203,0.96,0.038
SKU000877,4805920510614,Value Dry 396,Dry groceries,PantryPlus,1kg,ea,9.83,6.56,0.333,2650,5,V292,48,1.758,0.726,0.824,0.02
SKU000878,4815312736306,Value Dry 623,Dry groceries,GoodGrain,500g,kg,3.46,1.92,0.445,652,11,V748,48,0.703,0.386,0.916,0.022
SKU000879,6894967913243,Classic Dry 765,Dry groceries,StaplesCo,box,kg,9.96,6.56,0.341,2712,10,V521,12,0.456,0.197,1.036,0.097
SKU000880,8598309526915,Extra Dry 841,Dry groceries,StaplesCo,1L,L,1.43,1.17,0.182,3285,7,V508,6,1.231,0.506,1.067,0.143
SKU000881,7158591552143,Value Dry 709,Dry groceries,StaplesCo,1L,ea,10.55,6.62,0.373,1107,12,V966,24,1.107,0.65,1.031,0.117
SKU000882,8920111189215,Value Dry 15,Dry groceries,PantryPlus,single,L,4.02,2.26,0.438,487,8,V910,48,0.338,0.1,1.013,0.32
SKU000883,8453237430216,Organic Dry 822,Dry groceries,StaplesCo,single,ea,5.99,4.08,0.319,843,5,V831,48,0.451,0.189,0.923,0.023
SKU000884,5930072064836,Family Pack Dry 390,Dry groceries,StaplesCo,single,L,4.8,4.01,0.165,1822,9,V898,24,0.431,0.254,1.047,0.045
SKU000885,4590616702709,Premium Dry 722,Dry groceries,CanMore,tub,kg,0.98,0.57,0.418,2207,13,V268,6,0.383,0.205,1.055,0.041
SKU000886,7034929901150,Value Dry 93,Dry groceries,GoodGrain,250g,ea,9.92,8.39,0.154,1542,6,V575,12,0.954,0.266,1.157,0.268
SKU000887,5793992961953,Original Dry 20,Dry groceries,GoodGrain,bag,ea,2.54,2.05,0.193,1904,8,V993,1,2.14,1.01,0.968,0.084
SKU000888,5610690068880,Organic Dry 953,Dry groceries,GoodGrain,box,ea,3.35,2.27,0.322,502,12,V996,24,1.637,0.787,0.959,0.03
SKU000889,5611229031776,Family Pack Dry 785,Dry groceries,StaplesCo,500g,ea,11.95,10.08,0.156,3588,6,V525,6,1.393,0.752,0.763,0.19
SKU000890,6867901115907,Value Dry 27,Dry groceries,StaplesCo,500ml,kg,5.15,3.36,0.348,609,5,V821,24,8.183,2.194,0.86,0.046
SKU000891,6765286939236,Family Pack Dry 265,Dry groceries,CanMore,250ml,kg,8.65,6.67,0.229,508,5,V506,1,22.781,6.207,1.053,0.047
SKU000892,5546731915355,Family Pack Dry 146,Dry groceries,CanMore,500ml,L,9.34,7.17,0.232,2970,12,V819,1,0.388,0.201,0.855,0.25
SKU000893,3717257046180,Lite Dry 63,Dry groceries,CanMore,1kg,ea,4.24,2.37,0.441,3190,7,V696,24,1.88,0.684,0.832,0.502
SKU000894,3684248243395,Family Pack Dry 866,Dry groceries,StaplesCo,single,L,2.04,1.15,0.436,1255,5,V172,1,1.461,0.633,0.729,0.001
SKU000895,8981188078423,Organic Dry 504,Dry groceries,StaplesCo,250g,ea,3.57,2.71,0.241,2466,3,V560,6,0.961,0.338,0.845,0.122
SKU000896,4467793977052,Value Dry 977,Dry groceries,StaplesCo,single,kg,3.1,1.79,0.423,1282,6,V292,48,1.282,0.676,0.738,0.001
SKU000897,7942642624553,Organic Dry 342,Dry groceries,StaplesCo,1L,ea,11.47,8.2,0.285,3266,6,V942,48,2.038,0.693,1.149,0.103
SKU000898,2917862012087,Lite Dry 756,Dry groceries,CanMore,250ml,ea,7.54,5.1,0.324,2289,9,V290,24,0.514,0.236,1.046,0.012
SKU000899,5031171179130,Original Dry 896,Dry groceries,GoodGrain,500ml,kg,3.09,2.28,0.262,1260,5,V147,6,1.859,0.868,0.95,0.111
SKU000900,5235757884132,Family Pack Dry 867,Dry groceries,StaplesCo,box,ea,4.13,3.03,0.266,3456,6,V298,24,0.37,0.159,1.119,0.067
SKU000901,8628646673668,Organic Dry 606,Dry groceries,CanMore,500g,ea,1.23,0.82,0.333,1845,13,V669,48,0.973,0.338,1.151,0.071
SKU000902,4110470023937,Value Dry 400,Dry groceries,StaplesCo,single,ea,8.31,6.4,0.23,3331,11,V188,48,0.462,0.257,0.78,0.212
SKU000903,2049291022347,Lite Dry 511,Dry groceries,PantryPlus,1L,kg,9.24,7.31,0.209,2191,13,V779,1,0.596,0.314,1.086,0.013
SKU000904,6592719975356,Classic Dry 593,Dry groceries,CanMore,500g,L,1.13,0.79,0.301,786,11,V978,1,0.411,0.225,1.03,0.01
SKU000905,8936812150575,Classic Dry 420,Dry groceries,GoodGrain,tub,ea,7.31,5.53,0.244,2824,12,V946,24,0.531,0.202,0.571,0.126
SKU000906,7641641926546,Extra Dry 617,Dry groceries,PantryPlus,1kg,ea,7.54,6.41,0.15,3117,9,V447,1,0.579,0.236,1.181,0.069
SKU000907,3763849192045,Original Dry 426,Dry groceries,CanMore,box,L,8.83,7.37,0.165,2846,9,V823,12,0.844,0.184,0.838,0.033
SKU000908,3535567603676,Family Pack Dry 902,Dry groceries,StaplesCo,500ml,ea,0.8,0.57,0.288,1552,3,V563,48,3.738,1.524,1.091,0.019
SKU000909,3454500948449,Value Dry 375,Dry groceries,PantryPlus,250g,ea,8.21,5.44,0.337,1626,8,V530,1,0.372,0.213,0.885,0.195
SKU000910,8081597180614,Family Pack Dry 16,Dry groceries,PantryPlus,500ml,ea,2.52,1.44,0.429,888,13,V569,48,1.14,0.441,1.242,0.039
SKU000911,5615407328711,Lite Dry 367,Dry groceries,CanMore,500ml,ea,3.2,2.22,0.306,2258,3,V343,1,0.807,0.291,1.021,0.068
SKU000912,2738354168288,Organic Dry 522,Dry groceries,PantryPlus,500ml,L,10.37,8.67,0.164,3468,7,V299,1,0.33,0.189,1.103,0.146
SKU000913,5923415875595,Family Pack Dry 104,Dry groceries,StaplesCo,500ml,kg,5.34,3.87,0.275,1436,11,V904,1,2.344,0.549,1.033,0.173
SKU000914,2772325757530,Extra Dry 440,Dry groceries,GoodGrain,1kg,kg,8.95,5.21,0.418,366,4,V212,24,0.386,0.147,1.203,0.278
SKU000915,6872780689344,Value Dry 198,Dry groceries,CanMore,500ml,kg,6.53,3.88,0.406,2510,3,V778,24,0.671,0.235,0.967,0.124
SKU000916,4619031507244,Value Dry 963,Dry groceries,StaplesCo,500ml,ea,9.1,5.37,0.41,2119,10,V933,24,1.067,0.248,1.054,0.026
SKU000917,7428187727543,Lite Dry 246,Dry groceries,CanMore,tub,L,7.38,4.15,0.438,3310,8,V437,1,6.295,2.235,0.906,0.229
SKU000918,2017382570326,Family Pack Dry 587,Dry groceries,GoodGrain,250g,kg,1.06,0.71,0.33,1966,11,V524,12,0.581,0.249,1.094,0.007
SKU000919,6643136004993,Value Dry 967,Dry groceries,CanMore,250g,kg,9.07,5.58,0.385,1252,6,V943,6,0.87,0.489,0.689,0.049
SKU000920,6322934080293,Value Dry 449,Dry groceries,GoodGrain,1L,ea,7.01,4.69,0.331,2604,12,V325,6,0.518,0.14,0.966,0.095
SKU000921,4383119775018,Organic Dry 617,Dry groceries,CanMore,250g,ea,6.54,3.96,0.394,2058,7,V169,12,0.475,0.105,1.1,0.097
SKU000922,2777136490494,Classic Dry 152,Dry groceries,PantryPlus,500g,kg,6.4,3.98,0.378,1728,10,V186,6,0.68,0.14,1.071,0.022
SKU000923,7088543897763,Classic Dry 767,Dry groceries,StaplesCo,1kg,L,1.54,1.1,0.286,3421,10,V522,1,1.267,0.623,0.956,0.129
SKU000924,4832160561323,Classic Dry 315,Dry groceries,GoodGrain,1kg,L,1.18,0.85,0.28,545,13,V189,6,2.26,1.116,0.889,0.005
SKU000925,8905289953009,Value Dry 194,Dry groceries,GoodGrain,bag,kg,9.35,5.98,0.36,2361,3,V493,1,1.307,0.386,1.117,0.16
SKU000926,4773360412536,Organic Dry 879,Dry groceries,GoodGrain,500g,L,5.68,4.2,0.261,419,14,V306,6,0.416,0.241,0.924,0.045
SKU000927,7001147893273,Premium Dry 72,Dry groceries,GoodGrain,250ml,L,5.01,3.94,0.214,2935,13,V844,1,0.511,0.115,1.048,0.158
SKU000928,3150022169804,Organic Dry 667,Dry groceries,CanMore,500g,kg,11.4,7.03,0.383,3423,6,V452,6,0.576,0.313,0.862,0.156
SKU000929,5304298232590,Lite Dry 723,Dry groceries,PantryPlus,500g,kg,2.16,1.66,0.231,2908,7,V334,24,0.342,0.133,0.949,0.26
SKU000930,4413088168808,Premium Dry 857,Dry groceries,CanMore,1L,kg,5.61,4.53,0.193,874,14,V778,1,0.45,0.25,0.842,0.159
SKU000931,4548362125348,Extra Dry 700,Dry groceries,PantryPlus,1L,kg,9.21,5.42,0.412,2192,11,V102,48,0.33,0.184,1.107,0.063
SKU000932,7877491926913,Family Pack Dry 768,Dry groceries,PantryPlus,box,ea,9.34,6.27,0.329,1989,4,V588,6,0.419,0.207,0.708,0.092
SKU000933,4377771479947,Value Dry 391,Dry groceries,StaplesCo,500ml,kg,9.64,7.98,0.172,2323,5,V122,1,1.243,0.733,1.213,0.239
SKU000934,3222469296703,Classic Dry 820,Dry groceries,PantryPlus,1kg,kg,9.03,7.4,0.181,2831,5,V829,12,1.726,0.604,0.98,0.067
SKU000935,7840192896184,Value Dry 219,Dry groceries,GoodGrain,1L,L,11.28,9.24,0.181,719,9,V612,12,1.184,0.269,1.131,0.089
SKU000936,8297121179968,Extra Dry 749,Dry groceries,GoodGrain,bag,ea,5.93,3.67,0.381,1060,4,V516,12,0.53,0.308,1.088,0.471
SKU000937,6496255008820,Value Dry 67,Dry groceries,StaplesCo,box,kg,8.94,5.56,0.378,2640,4,V122,6,2.223,0.618,0.96,0.042
SKU000938,2987554439196,Original Dry 946,Dry groceries,GoodGrain,500g,ea,10.4,7.6,0.269,1396,4,V316,48,0.607,0.13,1.111,0.065
SKU000939,7771166080341,Original Dry 650,Dry groceries,GoodGrain,500ml,kg,5.93,3.6,0.393,1954,8,V982,1,0.346,0.199,0.877,0.274
SKU000940,5555016133050,Classic Dry 185,Dry groceries,PantryPlus,1kg,L,4.79,3.12,0.349,2755,8,V780,48,0.682,0.25,1.073,0.014
SKU000941,5614280093832,Classic Dry 202,Dry groceries,PantryPlus,1kg,ea,1.76,1.32,0.25,3181,4,V296,24,0.423,0.14,0.958,0.232
SKU000942,5682020568139,Organic Dry 804,Dry groceries,PantryPlus,500ml,ea,7.29,4.05,0.444,2240,3,V829,1,3.16,1.66,1.001,0.192
SKU000943,4485100936391,Lite Dry 684,Dry groceries,PantryPlus,250g,ea,10.07,7.81,0.224,3446,4,V851,48,0.869,0.338,1.11,0.053
SKU000944,2756845705155,Original Dry 74,Dry groceries,CanMore,tub,ea,11.62,7.14,0.386,2065,7,V561,48,0.485,0.225,1.001,0.144
SKU000945,4239315037272,Value Dry 25,Dry groceries,StaplesCo,tub,ea,2.67,1.55,0.419,2227,10,V644,12,0.32,0.1,0.877,0.026
SKU000946,3535521482543,Value Dry 216,Dry groceries,GoodGrain,250ml,kg,3.07,2.47,0.195,2181,7,V877,1,0.352,0.135,0.944,0.097
SKU000947,8814783967306,Extra Dry 659,Dry groceries,PantryPlus,box,ea,11.91,8.6,0.278,3068,8,V717,1,1.487,0.833,0.815,0.16
SKU000948,2005833497207,Original Dry 326,Dry groceries,StaplesCo,tub,L,5.6,4.12,0.264,1807,4,V741,48,10.349,2.699,0.866,0.04
SKU000949,2306294062260,Organic Dry 782,Dry groceries,CanMore,500g,L,7.09,5.67,0.2,395,9,V976,6,0.619,0.168,0.885,0.089
SKU000950,7971580522026,Extra Dry 643,Dry groceries,GoodGrain,bag,ea,2.48,1.86,0.25,3640,13,V372,1,1.67,0.879,0.968,0.015
SKU000951,6965476837758,Family Pack Dry 934,Dry groceries,StaplesCo,tub,kg,8.3,6.89,0.17,1088,12,V142,6,0.751,0.395,1.079,0.01
SKU000952,3046158439399,Premium Dry 125,Dry groceries,PantryPlus,1kg,ea,1.12,0.74,0.339,1850,11,V842,6,0.635,0.155,0.82,0.363
SKU000953,8396797281904,Extra Dry 257,Dry groceries,StaplesCo,single,ea,10.96,6.07,0.446,3276,8,V832,6,1.708,0.743,1.07,0.131
SKU000954,8147122627824,Premium Dry 367,Dry groceries,PantryPlus,1L,L,9.7,6.43,0.337,3517,13,V479,12,0.42,0.188,0.784,0.137
SKU000955,4348817779499,Extra Dry 125,Dry groceries,GoodGrain,1kg,ea,5.79,4.23,0.269,564,10,V841,48,0.412,0.109,0.804,0.027
SKU000956,3455788785368,Classic Dry 774,Dry groceries,StaplesCo,bag,L,4.25,3.31,0.221,1298,11,V165,6,0.781,0.417,0.883,0.212
SKU000957,4440880657767,Lite Dry 836,Dry groceries,StaplesCo,single,L,4.47,2.66,0.405,2547,10,V860,48,0.437,0.155,1.26,0.041
SKU000958,8669237632680,Classic Dry 346,Dry groceries,PantryPlus,tub,L,11.12,8.75,0.213,1062,6,V716,1,0.805,0.232,1.016,0.167
SKU000959,6252387509274,Extra Dry 617,Dry groceries,GoodGrain,box,ea,2.36,1.58,0.331,2892,11,V227,48,0.527,0.114,1.063,0.009
SKU000960,7214194909332,Value Dry 367,Dry groceries,StaplesCo,250g,ea,8.85,4.99,0.436,2546,7,V219,6,0.731,0.268,0.975,0.069
SKU000961,7255740312442,Premium Dry 47,Dry groceries,CanMore,box,ea,2.2,1.65,0.25,1211,3,V905,12,0.434,0.26,1.223,0.15
SKU000962,6633816070519,Extra Dry 975,Dry groceries,StaplesCo,500g,L,1.21,0.86,0.289,2399,9,V175,1,6.043,2.293,0.938,0.092
SKU000963,2157879772114,Extra Dry 750,Dry groceries,PantryPlus,250ml,ea,4.11,2.99,0.273,2325,5,V972,48,0.422,0.124,0.82,0.053
SKU000964,5791744031888,Organic Dry 848,Dry groceries,GoodGrain,tub,kg,8.79,6.42,0.27,2979,11,V652,12,2.58,0.816,1.014,0.073
SKU000965,3058134933139,Value Dry 760,Dry groceries,GoodGrain,bag,L,9.24,6.11,0.339,2717,14,V268,48,0.463,0.179,1.029,0.019
SKU000966,4091012228675,Classic Dry 975,Dry groceries,StaplesCo,250g,kg,8.85,6.09,0.312,1120,5,V759,48,0.426,0.227,0.956,0.036
SKU000967,4277990090773,Family Pack Dry 762,Dry groceries,StaplesCo,1kg,ea,8.52,5.17,0.393,2232,3,V601,1,0.401,0.135,0.972,0.431
SKU000968,4908333302171,Classic Dry 463,Dry groceries,GoodGrain,bag,ea,3.29,2.53,0.231,1894,14,V174,48,2.925,1.261,0.749,0.095
SKU000969,4926208167965,Family Pack Dry 821,Dry groceries,StaplesCo,box,ea,4.78,3.59,0.249,1651,4,V553,48,1.448,0.325,1.281,0.036
SKU000970,6477775576701,Organic Dry 287,Dry groceries,StaplesCo,250g,L,4.99,4.14,0.17,477,7,V208,6,0.56,0.33,1.056,0.306
SKU000971,7228969393639,Classic Dry 817,Dry groceries,PantryPlus,500g,kg,8.81,4.94,0.439,2681,3,V428,1,0.81,0.187,1.073,0.015
SKU000972,7951322351041,Lite Dry 983,Dry groceries,StaplesCo,500g,L,5.89,3.5,0.406,3101,9,V808,24,0.457,0.23,1.171,0.154
SKU000973,7852073607451,Extra Dry 109,Dry groceries,PantryPlus,box,L,1.4,0.96,0.314,1769,7,V702,12,0.829,0.268,1.077,0.093
SKU000974,6539237940019,Value Dry 17,Dry groceries,PantryPlus,bag,kg,3.68,2.12,0.424,2109,12,V337,12,0.536,0.208,1.135,0.034
SKU000975,2871989999907,Value Dry 693,Dry groceries,PantryPlus,250ml,ea,9.4,6.27,0.333,2155,10,V375,48,1.525,0.887,1.16,0.067
SKU000976,3275123578156,Lite Dry 31,Dry groceries,CanMore,tub,ea,2.42,1.65,0.318,1643,8,V883,6,2.014,0.441,1.05,0.026
SKU000977,4699920408773,Extra Dry 126,Dry groceries,GoodGrain,1L,L,9.93,5.92,0.404,1456,5,V444,6,0.319,0.1,0.959,0.033
SKU000978,3428470800813,Classic Dry 719,Dry groceries,GoodGrain,1L,ea,11.65,7.73,0.336,3443,6,V646,1,14.202,4.569,1.03,0.02
SKU000979,8290742716307,Premium Dry 369,Dry groceries,StaplesCo,500g,ea,1.68,1.31,0.22,2303,9,V268,24,1.204,0.262,0.865,0.067
SKU000980,8977560142900,Family Pack Dry 188,Dry groceries,PantryPlus,single,L,6.12,4.17,0.319,2992,9,V108,48,1.101,0.456,1.113,0.083
SKU000981,6363986370468,Value Dry 259,Dry groceries,StaplesCo,tub,ea,6.78,5.76,0.15,2055,10,V318,48,1.238,0.568,0.925,0.062
SKU000982,6949547678885,Value Dry 346,Dry groceries,CanMore,bag,ea,5.63,4.39,0.22,842,9,V391,6,0.585,0.197,0.864,0.044
SKU000983,8581445987714,Classic Dry 841,Dry groceries,StaplesCo,tub,kg,3.19,2.07,0.351,1656,14,V950,1,0.326,0.116,1.08,0.037
SKU000984,5602130783440,Extra Dry 647,Dry groceries,GoodGrain,bag,kg,5.78,4.6,0.204,1898,4,V842,24,0.432,0.13,0.804,0.191
SKU000985,5961076452976,Organic Dry 445,Dry groceries,CanMore,box,L,4.99,4.14,0.17,3643,5,V610,6,0.336,0.1,0.882,0.247
SKU000986,6874381004967,Original Dry 885,Dry groceries,StaplesCo,box,kg,3.54,2.3,0.35,2954,14,V617,12,0.533,0.142,0.991,0.094
SKU000987,7500943921550,Classic Dry 154,Dry groceries,StaplesCo,bag,kg,2.11,1.79,0.152,485,6,V552,1,1.622,0.884,0.978,0.026
SKU000988,7937817764895,Value Dry 493,Dry groceries,StaplesCo,500ml,ea,11.81,7.88,0.333,1234,10,V804,1,0.394,0.213,1.191,0.026
SKU000989,4776991015393,Lite Dry 108,Dry groceries,GoodGrain,250ml,L,4.35,3.19,0.267,2510,13,V783,48,2.619,1.429,0.983,0.144
SKU000990,3386227932203,Classic Dry 128,Dry groceries,StaplesCo,box,L,2.53,1.7,0.328,2315,14,V180,12,0.759,0.321,0.769,0.007
SKU000991,6563525531552,Organic Dry 200,Dry groceries,StaplesCo,bag,ea,3.9,2.8,0.282,1122,14,V259,1,0.422,0.115,0.752,0.12
SKU000992,5726658860228,Family Pack Dry 214,Dry groceries,GoodGrain,box,L,10.5,6.87,0.346,2145,12,V990,1,7.771,2.5,0.905,0.049
SKU000993,8328124360429,Value Dry 194,Dry groceries,GoodGrain,250ml,kg,2.8,2.27,0.189,2884,4,V712,48,0.734,0.232,0.944,0.027
SKU000994,3937024018417,Original Dry 738,Dry groceries,PantryPlus,single,kg,1.86,1.44,0.226,2168,7,V632,48,0.479,0.238,1.209,0.223
SKU000995,5042597749724,Value Dry 939,Dry groceries,StaplesCo,single,kg,7.34,4.08,0.444,2859,4,V308,6,0.423,0.249,1.092,0.045
SKU000996,3726673294114,Original Dry 159,Dry groceries,PantryPlus,1kg,L,4.23,3.27,0.227,3327,5,V468,12,0.872,0.523,1.081,0.085
SKU000997,6573694034419,Extra Dry 419,Dry groceries,PantryPlus,box,kg,6.9,4.74,0.313,2757,9,V507,24,0.424,0.226,1.113,0.175
SKU000998,8119955802322,Classic Dry 176,Dry groceries,PantryPlus,tub,L,2.03,1.17,0.424,704,8,V860,48,1.474,0.857,0.89,0.214
SKU000999,8704506689062,Organic Dry 734,Dry groceries,PantryPlus,bag,ea,4.81,3.32,0.31,2835,12,V178,24,0.605,0.311,0.916,0.146
SKU001000,3341083824371,Premium Dry 442,Dry groceries,CanMore,bag,kg,8.43,5.17,0.387,3617,6,V581,24,0.688,0.371,1.008,0.024
SKU001001,4913898154358,Premium Dry 697,Dry groceries,CanMore,250g,ea,10.26,6.6,0.357,1717,13,V125,6,1.99,0.612,1.046,0.145
SKU001002,6660295317991,Classic Dry 130,Dry groceries,GoodGrain,250ml,kg,8.09,5.68,0.298,1333,8,V674,48,2.7,0.637,1.002,0.108
SKU001003,4488063840802,Organic Dry 105,Dry groceries,StaplesCo,1L,kg,9.6,7.28,0.242,1875,8,V465,48,0.359,0.181,0.69,0.01
SKU001004,2147520814178,Family Pack Dry 538,Dry groceries,CanMore,single,L,0.59,0.43,0.271,2821,13,V441,24,0.478,0.206,0.904,0.207
SKU001005,5707640261585,Organic Dry 414,Dry groceries,CanMore,tub,ea,9.6,5.45,0.432,3280,7,V571,12,0.411,0.152,1.031,0.05
SKU001006,4837248082355,Organic Dry 102,Dry groceries,GoodGrain,1L,L,8.45,5.21,0.383,2976,3,V965,1,0.428,0.18,1.01,0.021
SKU001007,6114144916404,Premium Dry 430,Dry groceries,PantryPlus,250g,ea,2.04,1.6,0.216,1007,13,V718,24,0.498,0.148,1.325,0.115
SKU001008,3488966985741,Lite Dry 352,Dry groceries,GoodGrain,500g,kg,10.14,6.83,0.326,3546,12,V427,12,3.385,1.182,0.985,0.097
SKU001009,3293550642382,Extra Dry 261,Dry groceries,PantryPlus,single,L,9.28,6.44,0.306,2658,13,V879,1,2.721,0.973,0.812,0.177
SKU001010,3502089641267,Value Dry 863,Dry groceries,StaplesCo,box,ea,8.26,5.22,0.368,968,8,V241,12,0.694,0.411,0.926,0.141
SKU001011,4882683516648,Value Dry 167,Dry groceries,PantryPlus,1L,kg,6.59,5.38,0.184,1063,5,V117,48,0.486,0.213,1.032,0.159
SKU001012,2306042041697,Premium Dry 448,Dry groceries,GoodGrain,box,L,0.82,0.55,0.329,2970,11,V911,48,0.329,0.185,1.03,0.024
SKU001013,6615448151707,Organic Dry 950,Dry groceries,StaplesCo,bag,kg,6.94,5.69,0.18,1221,12,V166,48,26.284,15.427,1.147,0.028
SKU001014,5269349327323,Lite Dry 720,Dry groceries,StaplesCo,250ml,ea,8.69,7.23,0.168,2915,11,V831,12,1.312,0.728,1.033,0.041
SKU001015,7986708656911,Family Pack Dry 894,Dry groceries,GoodGrain,bag,kg,6.66,4.18,0.372,2165,11,V798,1,0.974,0.282,0.939,0.171
SKU001016,7422628673171,Family Pack Dry 220,Dry groceries,GoodGrain,bag,kg,8.65,5.63,0.349,3073,14,V849,48,1.217,0.405,0.977,0.103
SKU001017,7340446353798,Organic Dry 334,Dry groceries,StaplesCo,box,kg,5.56,4.14,0.255,838,11,V531,12,0.606,0.152,1.2,0.036
SKU001018,8541681209940,Family Pack Dry 557,Dry groceries,CanMore,bag,ea,2.87,1.94,0.324,3430,12,V593,48,0.34,0.1,1.084,0.349
SKU001019,3396096796300,Value Dry 911,Dry groceries,PantryPlus,500g,kg,10.47,8.22,0.215,522,9,V867,12,2.329,0.617,1.187,0.042
SKU001020,2403321801797,Extra Dry 674,Dry groceries,PantryPlus,250g,ea,4.16,2.76,0.337,1290,7,V288,1,1.471,0.394,1.148,0.255
SKU001021,3326353342284,Original Dry 66,Dry groceries,PantryPlus,250ml,L,2.88,2.12,0.264,2019,11,V899,12,0.388,0.128,0.886,0.008
SKU001022,7460452484362,Family Pack Dry 627,Dry groceries,CanMore,500ml,ea,0.7,0.47,0.329,1206,3,V118,12,0.716,0.331,0.814,0.055
SKU001023,6455769142289,Value Dry 257,Dry groceries,StaplesCo,1kg,L,11.11,9.3,0.163,1491,4,V618,1,20.563,7.515,0.991,0.027
SKU001024,7591992009987,Organic Dry 854,Dry groceries,PantryPlus,box,ea,6.66,3.7,0.444,1445,5,V332,6,1.177,0.239,0.972,0.362
SKU001025,3875659617605,Value Dry 279,Dry groceries,PantryPlus,500g,L,2.59,2.02,0.22,640,14,V909,48,1.917,0.822,0.864,0.186
SKU001026,6029007035619,Lite Dry 114,Dry groceries,PantryPlus,500g,kg,7.73,5.86,0.242,3076,4,V310,12,0.339,0.11,0.86,0.08
SKU001027,5149526199726,Organic Dry 91,Dry groceries,PantryPlus,500g,kg,8.09,5.73,0.292,2744,12,V795,24,0.902,0.374,1.008,0.349
SKU001028,2477500146470,Extra Dry 511,Dry groceries,GoodGrain,box,ea,9.05,6.06,0.33,2203,6,V273,1,2.313,0.579,1.234,0.204
SKU001029,2543484948373,Family Pack Dry 604,Dry groceries,PantryPlus,tub,L,6.74,4.02,0.404,1271,14,V929,12,3.091,0.919,1.039,0.1
SKU001030,5825351241358,Premium Dry 508,Dry groceries,CanMore,tub,ea,7.22,5.35,0.259,920,11,V277,12,0.937,0.3,0.828,0.05
SKU001031,4875508665547,Classic Dry 124,Dry groceries,CanMore,250g,L,10.76,7.2,0.331,734,8,V351,12,1354.022,746.102,0.854,0.07
SKU001032,7778397556081,Original Dry 849,Dry groceries,CanMore,tub,L,4.96,4.11,0.171,621,11,V129,6,0.41,0.191,0.674,0.029
SKU001033,2769937139878,Family Pack Dry 803,Dry groceries,StaplesCo,250g,kg,1.79,1.21,0.324,3441,9,V922,24,0.373,0.176,0.868,0.049
SKU001034,4630381434549,Value Dry 496,Dry groceries,CanMore,bag,kg,6.47,4.57,0.294,1012,14,V998,48,0.429,0.112,1.227,0.043
SKU001035,8880380162808,Family Pack Dry 940,Dry groceries,CanMore,250ml,L,4.18,3.39,0.189,1900,11,V590,48,0.337,0.132,1.165,0.187
SKU001036,8128344739121,Classic Dry 604,Dry groceries,StaplesCo,single,kg,1.97,1.63,0.173,1117,11,V119,24,0.384,0.135,1.103,0.3
SKU001037,7816742043797,Organic Dry 790,Dry groceries,GoodGrain,500g,L,11.94,9.22,0.228,554,5,V422,1,3.589,0.935,1.293,0.017
SKU001038,4216291890110,Classic Dry 258,Dry groceries,GoodGrain,tub,ea,10.64,6.47,0.392,3307,4,V278,1,0.398,0.169,1.147,0.269
SKU001039,7814126184081,Classic Dry 613,Dry groceries,CanMore,single,kg,11.37,7.25,0.362,2365,10,V363,24,0.334,0.184,1.058,0.141
SKU001040,8279892056701,Original Dry 888,Dry groceries,StaplesCo,bag,ea,2.01,1.48,0.264,968,10,V104,6,0.632,0.133,1.04,0.028
SKU001041,2876442498193,Premium Dry 371,Dry groceries,GoodGrain,250g,L,6.31,5.35,0.152,1644,14,V967,24,7.85,1.973,1.01,0.096
SKU001042,8668490802482,Value Dry 265,Dry groceries,GoodGrain,single,ea,3.05,2.36,0.226,2151,12,V314,1,0.849,0.493,0.657,0.351
SKU001043,7769972777866,Premium Dry 993,Dry groceries,CanMore,500ml,ea,11.12,7.67,0.31,1189,3,V984,6,4.395,1.689,0.963,0.058
SKU001044,3159600875867,Classic Dry 890,Dry groceries,StaplesCo,1kg,kg,5.02,2.81,0.44,426,10,V406,6,0.461,0.224,1.001,0.044
SKU001045,6507566245857,Value Dry 557,Dry groceries,GoodGrain,250g,kg,3.52,2.43,0.31,1679,3,V884,1,0.624,0.296,0.992,0.016
SKU001046,5776157363655,Classic Dry 612,Dry groceries,CanMore,500ml,ea,1.17,0.97,0.171,1345,4,V787,12,0.389,0.182,0.838,0.032
SKU001047,2407134039649,Original Dry 728,Dry groceries,PantryPlus,tub,ea,8.49,5.68,0.331,1027,11,V323,12,1.0,0.491,0.855,0.001
SKU001048,3525643734338,Lite Dry 752,Dry groceries,CanMore,500g,kg,8.43,6.62,0.215,3369,7,V981,48,0.593,0.21,0.969,0.041
SKU001049,8396663565391,Original Dry 182,Dry groceries,StaplesCo,1L,kg,2.07,1.32,0.362,3644,4,V979,24,0.676,0.33,0.776,0.051
SKU001050,8368090101485,Premium Dry 21,Dry groceries,GoodGrain,500ml,kg,6.81,5.47,0.197,2471,5,V327,48,2.444,1.226,1.288,0.015
SKU001051,5110834746248,Organic Dry 485,Dry groceries,StaplesCo,bag,ea,10.54,8.51,0.193,1428,13,V515,6,0.66,0.369,0.787,0.011
SKU001052,2327670998019,Premium Dry 147,Dry groceries,PantryPlus,250g,L,4.7,2.98,0.366,1113,10,V248,6,0.386,0.173,1.074,0.089
SKU001053,3167493195747,Organic Dry 118,Dry groceries,CanMore,tub,ea,11.91,7.3,0.387,2776,10,V667,48,14.985,4.168,0.872,0.101
SKU001054,8081758980245,Original Dry 307,Dry groceries,CanMore,250g,kg,10.37,6.92,0.333,1971,11,V572,24,5.351,1.62,0.858,0.028
SKU001055,6433290444592,Lite Dry 252,Dry groceries,CanMore,250ml,kg,5.49,3.17,0.423,552,4,V669,48,53.088,25.093,0.757,0.195
SKU001056,3836257130184,Value Dry 929,Dry groceries,StaplesCo,250ml,kg,4.86,2.85,0.414,3507,10,V280,24,0.37,0.154,0.698,0.028
SKU001057,7295552447545,Original Dry 29,Dry groceries,GoodGrain,tub,kg,4.27,3.17,0.258,512,11,V827,48,1.546,0.871,0.85,0.124
SKU001058,4025724646985,Premium Dry 469,Dry groceries,StaplesCo,1kg,L,7.44,5.95,0.2,2280,11,V191,12,0.404,0.117,1.065,0.226
SKU001059,2753387098382,Premium Dry 596,Dry groceries,GoodGrain,tub,L,7.71,4.81,0.376,3570,4,V566,1,2.533,1.134,0.903,0.135
SKU001060,3264669652213,Organic Dry 180,Dry groceries,GoodGrain,bag,ea,0.92,0.74,0.196,696,11,V464,48,1.762,0.814,0.843,0.088
SKU001061,5903519706880,Value Dry 268,Dry groceries,CanMore,1L,L,7.79,4.46,0.427,609,3,V674,1,0.446,0.199,0.968,0.135
SKU001062,3243722712683,Organic Dry 347,Dry groceries,GoodGrain,tub,kg,10.96,7.69,0.298,1253,12,V792,6,2.008,0.498,0.858,0.011
SKU001063,5438033827744,Classic Dry 72,Dry groceries,GoodGrain,250g,kg,7.24,5.32,0.265,2850,14,V334,1,0.83,0.452,0.766,0.019
SKU001064,7761345050808,Family Pack Dry 635,Dry groceries,StaplesCo,500g,ea,10.75,8.18,0.239,609,11,V310,24,0.777,0.248,1.245,0.055
SKU001065,5360127809463,Organic Dry 807,Dry groceries,CanMore,250ml,L,9.86,5.75,0.417,467,6,V173,6,1.163,0.426,1.046,0.054
SKU001066,6460808863550,Value Dry 337,Dry groceries,CanMore,1L,kg,6.62,4.94,0.254,2414,3,V659,24,0.659,0.372,1.228,0.2
SKU001067,7777017825400,Premium Dry 790,Dry groceries,StaplesCo,box,L,6.04,4.63,0.233,3220,12,V457,12,1.511,0.831,0.965,0.223
SKU001068,4715951899344,Organic Dry 137,Dry groceries,CanMore,1kg,L,2.81,2.39,0.149,1814,7,V566,24,1.912,1.097,0.738,0.154
SKU001069,7973268285373,Value Dry 109,Dry groceries,PantryPlus,1kg,kg,9.91,8.3,0.162,1978,13,V868,6,2.506,1.351,1.018,0.126
SKU001070,2735391900331,Extra Dry 11,Dry groceries,StaplesCo,1L,L,4.8,3.73,0.223,3483,8,V433,1,2.774,1.125,1.207,0.065
SKU001071,6772069310941,Lite Dry 930,Dry groceries,GoodGrain,tub,L,1.42,0.81,0.43,1091,12,V782,48,0.455,0.141,1.149,0.006
SKU001072,6376814041482,Extra Dry 61,Dry groceries,CanMore,bag,ea,6.3,5.12,0.187,1006,5,V101,12,0.538,0.15,0.908,0.083
SKU001073,6181406175773,Value Dry 96,Dry groceries,GoodGrain,500ml,ea,3.5,2.91,0.169,3289,10,V349,12,1.049,0.589,0.891,0.002
SKU001074,2690180817909,Classic Dry 561,Dry groceries,StaplesCo,tub,ea,0.73,0.61,0.164,1909,4,V217,6,0.647,0.219,0.8,0.019
SKU001075,3152753780190,Original Dry 756,Dry groceries,PantryPlus,bag,ea,3.91,2.83,0.276,1701,8,V513,48,0.563,0.296,0.807,0.239
SKU001076,5944058221643,Premium Dry 218,Dry groceries,CanMore,single,L,4.52,3.57,0.21,1586,14,V294,12,0.637,0.339,1.031,0.281
SKU001077,5336582386618,Lite Dry 284,Dry groceries,CanMore,tub,kg,2.83,2.08,0.265,2451,9,V544,48,1.315,0.393,0.959,0.03
SKU001078,7384927750020,Value Dry 741,Dry groceries,GoodGrain,single,ea,7.42,4.91,0.338,1283,4,V890,48,0.444,0.215,0.995,0.183
SKU001079,3254355778050,Lite Dry 112,Dry groceries,GoodGrain,500g,kg,3.32,1.86,0.44,2863,3,V757,6,0.344,0.128,0.716,0.03
SKU001080,6787417852550,Classic Dry 661,Dry groceries,PantryPlus,250g,L,0.53,0.29,0.453,2078,3,V264,24,0.567,0.202,0.94,0.017
SKU001081,7835090521679,Premium Dry 373,Dry groceries,CanMore,box,kg,5.31,3.07,0.422,762,12,V897,48,0.995,0.229,1.149,0.263
SKU001082,5619331517519,Organic Dry 279,Dry groceries,StaplesCo,1L,L,10.4,7.1,0.317,585,13,V296,48,0.97,0.542,1.039,0.056
SKU001083,4519529077118,Value Dry 798,Dry groceries,PantryPlus,box,L,10.75,7.76,0.278,3576,10,V741,6,0.581,0.134,0.734,0.109
SKU001084,8843398147652,Value Dry 93,Dry groceries,CanMore,500ml,L,3.52,2.19,0.378,1612,9,V521,12,0.718,0.365,0.858,0.067
SKU001085,6450759687431,Value Dry 195,Dry groceries,GoodGrain,500ml,ea,8.47,4.85,0.427,694,7,V775,48,1.568,0.47,1.263,0.003
SKU001086,4000082214698,Premium Dry 872,Dry groceries,StaplesCo,bag,kg,9.68,8.09,0.164,1141,12,V368,1,0.463,0.164,1.182,0.362
SKU001087,8941720129122,Classic Dry 928,Dry groceries,CanMore,bag,L,3.03,1.97,0.35,794,4,V879,24,1.518,0.461,1.121,0.013
SKU001088,6315661595331,Value Dry 681,Dry groceries,StaplesCo,tub,ea,4.9,3.44,0.298,937,3,V939,48,0.598,0.297,0.948,0.12
SKU001089,6849870145505,Family Pack Dry 741,Dry groceries,CanMore,1L,ea,0.6,0.35,0.417,3233,6,V115,6,0.919,0.308,1.015,0.062
SKU001090,5946226129439,Classic Dry 573,Dry groceries,GoodGrain,tub,kg,5.13,3.9,0.24,3302,4,V998,1,0.477,0.269,1.099,0.121
SKU001091,5262490923498,Family Pack Dry 455,Dry groceries,PantryPlus,box,kg,9.9,5.9,0.404,3603,5,V369,6,5.995,2.493,1.22,0.091
SKU001092,5685824877849,Original Dry 876,Dry groceries,StaplesCo,single,ea,9.11,6.12,0.328,445,4,V162,1,0.758,0.334,0.981,0.161
SKU001093,4303479088225,Value Dry 979,Dry groceries,CanMore,1kg,ea,6.6,4.8,0.273,405,11,V255,48,0.363,0.118,1.093,0.059
SKU001094,3389024915812,Classic Dry 859,Dry groceries,StaplesCo,500ml,L,2.13,1.68,0.211,489,7,V817,24,0.628,0.364,0.939,0.014
SKU001095,7133633748617,Classic Dry 273,Dry groceries,StaplesCo,1L,ea,10.75,8.3,0.228,3290,10,V209,1,0.406,0.228,1.174,0.098
SKU001096,6928963996949,Value Dry 859,Dry groceries,StaplesCo,250g,L,5.57,4.58,0.178,1750,8,V853,24,0.34,0.169,0.915,0.028
SKU001097,5873724419825,Organic Dry 536,Dry groceries,CanMore,500ml,ea,11.13,6.18,0.445,2400,13,V636,24,1.497,0.576,0.97,0.063
SKU001098,3438190300191,Family Pack Dry 230,Dry groceries,GoodGrain,bag,L,3.5,2.33,0.334,1129,11,V200,1,0.324,0.167,0.919,0.149
SKU001099,4158971633328,Lite Dry 472,Dry groceries,GoodGrain,tub,ea,5.51,3.68,0.332,2399,10,V335,1,3.418,1.291,0.817,0.006
SKU001100,2473962991592,Family Pack Dry 483,Dry groceries,GoodGrain,tub,kg,2.32,1.5,0.353,709,9,V901,12,8.834,4.636,0.86,0.112
SKU001101,3801775467128,Organic Dry 190,Dry groceries,GoodGrain,1kg,ea,9.41,7.78,0.173,1050,5,V520,48,0.61,0.359,0.911,0.17
SKU001102,2192283813879,Premium Dry 405,Dry groceries,StaplesCo,250ml,L,4.03,2.29,0.432,1142,10,V943,1,0.958,0.518,0.992,0.001
SKU001103,5641233385819,Original Dry 778,Dry groceries,GoodGrain,1L,ea,7.64,4.37,0.428,1845,14,V415,6,0.471,0.162,0.866,0.022
SKU001104,2780331292688,Value Dry 824,Dry groceries,PantryPlus,500g,L,11.95,8.18,0.315,736,12,V586,1,0.374,0.149,1.049,0.043
SKU001105,4321665267168,Original Dry 157,Dry groceries,PantryPlus,1kg,kg,5.59,3.22,0.424,576,12,V377,48,2.252,1.226,1.005,0.09
SKU001106,7783969141763,Organic Dry 571,Dry groceries,GoodGrain,1kg,L,1.09,0.75,0.312,1130,9,V925,24,17.918,7.655,0.964,0.026
SKU001107,6501471158570,Organic Dry 313,Dry groceries,StaplesCo,1L,ea,7.19,5.71,0.206,1381,10,V230,24,1.687,0.855,1.068,0.049
SKU001108,2034481993579,Family Pack Dry 283,Dry groceries,StaplesCo,250ml,ea,11.06,6.49,0.413,908,6,V756,6,0.771,0.317,0.952,0.215
SKU001109,3506530969736,Organic Dry 109,Dry groceries,CanMore,tub,L,5.91,4.59,0.223,3434,3,V464,48,2.589,1.341,0.871,0.058
SKU001110,4134260512422,Value Dry 500,Dry groceries,PantryPlus,1L,kg,6.41,3.8,0.407,871,8,V649,24,0.876,0.373,1.086,0.254
SKU001111,8790568338523,Classic Dry 190,Dry groceries,CanMore,1kg,L,9.69,5.62,0.42,1947,13,V422,1,3.644,1.005,1.076,0.099
SKU001112,6993035763586,Lite Dry 473,Dry groceries,GoodGrain,250g,kg,11.6,7.93,0.316,3469,5,V769,48,0.79,0.367,0.827,0.225
SKU001113,5602586693573,Premium Dry 665,Dry groceries,GoodGrain,tub,kg,9.69,6.93,0.285,925,14,V244,48,8.097,4.624,0.798,0.14
SKU001114,8196865232232,Extra Dry 623,Dry groceries,GoodGrain,1L,L,1.14,0.68,0.404,640,8,V116,6,0.709,0.338,1.193,0.107
SKU001115,5966773028132,Family Pack Dry 888,Dry groceries,StaplesCo,500ml,kg,11.79,6.85,0.419,2157,8,V170,6,0.326,0.178,0.767,0.232
SKU001116,2319245172122,Value Dry 289,Dry groceries,PantryPlus,250ml,ea,3.62,2.95,0.185,2190,5,V175,24,2.669,0.655,1.26,0.064
SKU001117,7490238420946,Lite Dry 328,Dry groceries,StaplesCo,250g,ea,9.68,8.1,0.163,930,14,V724,6,1.255,0.48,1.088,0.111
SKU001118,3068136672890,Lite Dry 218,Dry groceries,StaplesCo,box,L,3.46,2.5,0.277,2699,8,V339,48,0.793,0.469,0.828,0.14
SKU001119,5669470248215,Extra Dry 712,Dry groceries,StaplesCo,250ml,kg,1.6,1.19,0.256,2161,5,V525,48,3.246,1.899,1.0,0.034
SKU001120,6749278392672,Family Pack Dry 115,Dry groceries,PantryPlus,500g,ea,6.84,3.93,0.425,3177,13,V250,1,1.65,0.768,1.082,0.245
SKU001121,2876722798964,Lite Dry 255,Dry groceries,StaplesCo,tub,L,9.93,7.19,0.276,2876,10,V944,12,0.509,0.278,1.005,0.002
SKU001122,7567055639703,Value Dry 93,Dry groceries,CanMore,single,L,10.02,6.69,0.332,1789,11,V770,12,0.426,0.105,1.06,0.019
SKU001123,7747523555549,Premium Dry 480,Dry groceries,CanMore,500g,ea,8.7,4.81,0.447,1508,14,V578,12,1.074,0.336,0.655,0.236
SKU001124,3386906862638,Family Pack Dry 422,Dry groceries,GoodGrain,1L,L,5.58,4.59,0.177,3078,6,V773,12,0.495,0.252,1.09,0.101
SKU001125,8764683247383,Family Pack Dry 740,Dry groceries,GoodGrain,single,kg,10.23,8.47,0.172,966,10,V631,6,0.367,0.1,0.955,0.282
SKU001126,7840146300815,Family Pack Dry 135,Dry groceries,CanMore,250g,kg,0.94,0.77,0.181,2604,8,V714,12,0.366,0.16,0.92,0.209
SKU001127,7989010459248,Premium Dry 749,Dry groceries,PantryPlus,1kg,kg,3.33,2.06,0.381,3242,14,V306,12,0.528,0.164,1.052,0.117
SKU001128,7789541792431,Lite Dry 134,Dry groceries,PantryPlus,1kg,L,3.54,2.4,0.322,2058,6,V512,48,0.533,0.285,0.97,0.102
SKU001129,3708579501525,Lite Dry 10,Dry groceries,GoodGrain,250g,kg,4.33,3.07,0.291,3181,7,V884,48,0.454,0.154,1.221,0.014
SKU001130,2464672069873,Family Pack Dry 975,Dry groceries,PantryPlus,box,kg,6.19,3.92,0.367,3222,13,V389,24,0.629,0.29,1.028,0.047
SKU001131,4658983902046,Organic Dry 546,Dry groceries,GoodGrain,1L,L,11.01,6.74,0.388,2043,11,V689,24,1.118,0.471,0.992,0.298
SKU001132,6605348836654,Original Dry 595,Dry groceries,CanMore,500ml,L,3.24,2.01,0.38,533,4,V950,48,0.358,0.1,1.145,0.055
SKU001133,3156995469141,Value Dry 442,Dry groceries,GoodGrain,tub,L,9.5,7.87,0.172,2546,8,V650,48,2.245,1.035,0.946,0.119
SKU001134,2070297609808,Family Pack Dry 248,Dry groceries,StaplesCo,250g,ea,3.63,2.5,0.311,1708,5,V154,1,0.955,0.204,0.807,0.01
SKU001135,4072524523884,Value Dry 359,Dry groceries,CanMore,bag,kg,10.51,8.17,0.223,2721,3,V901,48,0.425,0.139,0.891,0.065
SKU001136,3512132836750,Value Dry 749,Dry groceries,CanMore,box,ea,11.21,6.29,0.439,3216,8,V546,12,59.997,13.08,0.859,0.028
SKU001137,4007464051868,Value Dry 480,Dry groceries,PantryPlus,500g,kg,5.66,3.19,0.436,2247,6,V378,1,0.813,0.458,1.053,0.071
SKU001138,6858427643622,Lite Dry 302,Dry groceries,StaplesCo,1kg,L,3.01,2.33,0.226,2888,6,V778,24,0.442,0.176,1.034,0.042
SKU001139,5343706087702,Extra Dry 131,Dry groceries,CanMore,bag,L,8.6,7.17,0.166,2069,5,V260,6,0.363,0.1,0.956,0.021
SKU001140,3667797427226,Value Dry 624,Dry groceries,PantryPlus,250ml,ea,10.82,7.8,0.279,3003,7,V118,6,0.403,0.238,1.007,0.186
SKU001141,4718624864706,Original Dry 906,Dry groceries,GoodGrain,500g,L,2.32,1.85,0.203,1636,12,V760,1,0.854,0.22,0.904,0.007
SKU001142,4185486306076,Lite Dry 15,Dry groceries,PantryPlus,500g,kg,10.01,8.11,0.19,1910,10,V529,1,2.853,1.638,1.465,0.084
SKU001143,7547091741188,Premium Dry 155,Dry groceries,StaplesCo,single,L,11.97,9.69,0.19,471,7,V247,12,0.386,0.228,0.811,0.119
SKU001144,2514830653040,Family Pack Dry 880,Dry groceries,GoodGrain,bag,ea,9.01,6.95,0.229,2757,5,V534,1,0.333,0.158,0.961,0.243
SKU001145,8262621647163,Lite Dry 25,Dry groceries,GoodGrain,250ml,ea,3.28,2.6,0.207,2793,5,V119,1,0.626,0.32,1.191,0.29
SKU001146,5256753177672,Original Dry 60,Dry groceries,PantryPlus,tub,ea,6.74,5.21,0.227,2710,9,V192,1,0.787,0.275,1.193,0.259
SKU001147,5019719578830,Premium Dry 590,Dry groceries,StaplesCo,250g,ea,1.91,1.34,0.298,3236,8,V648,1,0.378,0.1,0.993,0.062
SKU001148,7821120052626,Premium Dry 453,Dry groceries,GoodGrain,single,kg,0.66,0.47,0.288,3219,11,V467,1,0.584,0.252,1.083,0.111
SKU001149,4651470374517,Original Dry 685,Dry groceries,GoodGrain,bag,kg,0.6,0.39,0.35,1761,13,V850,24,0.371,0.166,0.962,0.109
SKU001150,2258917318601,Value Dry 21,Dry groceries,PantryPlus,bag,kg,11.31,7.08,0.374,2918,12,V776,48,2.679,0.964,0.884,0.044
SKU001151,5101063690201,Extra Dry 621,Dry groceries,GoodGrain,single,L,10.08,8.23,0.184,2474,8,V828,48,0.998,0.546,1.19,0.004
SKU001152,2189218434575,Classic Dry 702,Dry groceries,GoodGrain,500ml,kg,3.89,2.83,0.272,3006,14,V807,6,6.803,3.505,1.019,0.182
SKU001153,4968195006992,Value Dry 105,Dry groceries,CanMore,box,L,1.93,1.59,0.176,3370,3,V889,12,0.333,0.1,1.291,0.328
SKU001154,3831957056971,Original Dry 169,Dry groceries,StaplesCo,500ml,L,7.57,5.99,0.209,2966,6,V595,48,9.253,3.348,1.15,0.002
SKU001155,6633823278238,Lite Dry 755,Dry groceries,StaplesCo,500g,ea,7.48,5.93,0.207,3100,13,V934,48,0.524,0.117,0.716,0.12
SKU001156,7198792409983,Premium Dry 521,Dry groceries,CanMore,1kg,ea,5.17,3.88,0.25,995,10,V391,6,3.051,1.721,1.164,0.053
SKU001157,2020718019294,Lite Dry 957,Dry groceries,PantryPlus,500g,ea,2.72,1.93,0.29,1883,12,V454,12,0.766,0.415,0.946,0.051
SKU001158,7319952566165,Original Dry 239,Dry groceries,StaplesCo,500ml,kg,7.64,5.96,0.22,811,5,V616,48,3.536,1.623,1.052,0.018
SKU001159,2795645151161,Organic Dry 63,Dry groceries,PantryPlus,1kg,ea,1.56,1.09,0.301,2982,11,V695,6,7.617,2.624,0.98,0.155
SKU001160,2373635503463,Extra Dry 172,Dry groceries,StaplesCo,single,kg,6.58,5.04,0.234,3287,12,V650,1,0.567,0.194,0.973,0.115
SKU001161,3372089518158,Original Dry 318,Dry groceries,StaplesCo,250ml,ea,6.83,4.08,0.403,1646,12,V622,1,0.45,0.205,0.879,0.057
SKU001162,3389278483681,Classic Dry 584,Dry groceries,CanMore,500g,ea,9.93,6.36,0.36,846,10,V675,48,0.672,0.291,0.872,0.105
SKU001163,3289369609796,Organic Dry 685,Dry groceries,PantryPlus,1kg,L,6.51,4.8,0.263,3105,14,V135,6,0.381,0.215,1.036,0.096
SKU001164,4277718522777,Original Dry 385,Dry groceries,StaplesCo,250ml,ea,11.72,7.21,0.385,750,6,V132,6,43.025,14.403,0.915,0.049
SKU001165,8380187806500,Family Pack Dry 736,Dry groceries,StaplesCo,1L,kg,6.43,3.87,0.398,3296,13,V320,12,0.342,0.17,1.21,0.085
SKU001166,7546072489510,Organic Dry 442,Dry groceries,PantryPlus,250ml,L,5.5,3.37,0.387,655,9,V615,48,1.923,1.113,1.096,0.078
SKU001167,6707485230714,Premium Dry 883,Dry groceries,CanMore,1L,ea,0.87,0.49,0.437,399,4,V721,6,1.292,0.439,1.206,0.043
SKU001168,3385738641703,Classic Dry 93,Dry groceries,PantryPlus,box,kg,5.46,4.14,0.242,2363,3,V641,12,0.657,0.39,0.706,0.0
SKU001169,8527910556411,Organic Dry 872,Dry groceries,PantryPlus,tub,kg,5.88,3.77,0.359,3514,3,V809,12,0.437,0.121,1.234,0.163
SKU001170,4201666441942,Premium Dry 141,Dry groceries,GoodGrain,1kg,kg,3.0,1.84,0.387,373,7,V551,48,0.44,0.24,0.906,0.229
SKU001171,5261063942392,Premium Dry 755,Dry groceries,PantryPlus,500g,kg,7.46,5.69,0.237,796,4,V798,24,1.114,0.505,1.166,0.052
SKU001172,8821236591689,Classic Dry 461,Dry groceries,GoodGrain,1kg,ea,10.21,8.09,0.208,2501,11,V392,6,1.87,0.978,1.054,0.009
SKU001173,6674294505972,Original Dry 378,Dry groceries,GoodGrain,single,kg,7.88,5.76,0.269,438,7,V425,48,1.379,0.593,0.863,0.027
SKU001174,7252809655013,Classic Dry 13,Dry groceries,GoodGrain,bag,kg,5.85,4.01,0.315,1955,13,V751,1,0.749,0.323,0.868,0.2
SKU001175,4643039314321,Extra Dry 621,Dry groceries,CanMore,tub,ea,3.93,2.65,0.326,1689,9,V308,24,0.949,0.461,1.149,0.128
SKU001176,3563456216610,Value Dry 235,Dry groceries,GoodGrain,1kg,kg,6.06,4.67,0.229,3411,12,V207,48,2.435,1.235,1.185,0.096
SKU001177,6157592792871,Extra Dry 487,Dry groceries,PantryPlus,500ml,kg,0.87,0.52,0.402,2175,7,V749,6,0.799,0.296,1.095,0.128
SKU001178,7957226355342,Extra Dry 535,Dry groceries,GoodGrain,single,ea,3.08,2.57,0.166,2919,3,V333,1,0.408,0.218,0.959,0.287
SKU001179,4892806647126,Value Dry 743,Dry groceries,GoodGrain,500ml,ea,5.02,3.87,0.229,3605,8,V549,6,0.384,0.192,1.101,0.27
SKU001180,2057162017496,Organic Dry 801,Dry groceries,PantryPlus,box,L,7.13,5.3,0.257,2505,9,V327,6,2.336,1.393,1.283,0.115
SKU001181,3551794149912,Organic Dry 407,Dry groceries,PantryPlus,box,ea,9.06,5.66,0.375,708,6,V769,1,0.881,0.365,0.891,0.223
SKU001182,8969820701276,Classic Dry 873,Dry groceries,PantryPlus,1L,ea,9.38,7.22,0.23,365,8,V234,12,0.538,0.227,0.903,0.161
SKU001183,6733149822233,Value Dry 696,Dry groceries,StaplesCo,250ml,L,5.78,3.41,0.41,368,14,V371,1,8.638,2.45,0.871,0.192
SKU001184,7902613433323,Value Dry 163,Dry groceries,CanMore,1L,L,8.79,4.9,0.443,1108,13,V138,24,1.508,0.869,0.948,0.108
SKU001185,4125674661759,Premium Dry 715,Dry groceries,CanMore,1kg,kg,3.22,2.18,0.323,3063,11,V898,24,0.395,0.1,0.794,0.125
SKU001186,2651469516850,Lite Dry 560,Dry groceries,GoodGrain,250g,ea,11.26,6.5,0.423,3097,13,V766,48,0.853,0.38,1.161,0.095
SKU001187,4191593254338,Original Dry 834,Dry groceries,GoodGrain,500g,ea,11.05,8.03,0.273,507,9,V559,1,1.079,0.231,0.916,0.062
SKU001188,8131514869817,Organic Dry 160,Dry groceries,CanMore,1kg,ea,2.85,1.94,0.319,1717,3,V701,24,0.539,0.136,1.043,0.032
SKU001189,8415606814979,Classic Dry 85,Dry groceries,CanMore,250g,kg,5.85,3.56,0.391,1367,14,V709,48,36.068,11.234,0.963,0.068
SKU001190,4414062353015,Organic Dry 71,Dry groceries,CanMore,500g,L,7.38,4.12,0.442,483,7,V762,12,1.047,0.395,1.081,0.009
SKU001191,3671510473964,Value Dry 904,Dry groceries,PantryPlus,500ml,ea,5.9,3.52,0.403,2978,5,V992,12,2.877,1.029,0.825,0.179
SKU001192,6645149009102,Lite Dry 2,Dry groceries,PantryPlus,bag,ea,10.3,8.0,0.223,2948,12,V616,6,0.383,0.165,1.15,0.074
SKU001193,3475983015798,Original Dry 252,Dry groceries,CanMore,bag,L,1.73,1.12,0.353,1658,14,V552,6,0.354,0.149,0.741,0.472
SKU001194,2831165785492,Family Pack Dry 938,Dry groceries,GoodGrain,1L,kg,4.44,2.59,0.417,1358,7,V540,48,2.114,1.204,0.994,0.018
SKU001195,6739990734800,Premium Dry 328,Dry groceries,CanMore,500g,kg,9.58,5.3,0.447,2410,14,V139,6,4.503,1.977,0.941,0.101
SKU001196,2013379937336,Extra Dry 423,Dry groceries,PantryPlus,500ml,kg,2.14,1.66,0.224,3204,11,V675,6,0.681,0.393,1.243,0.053
SKU001197,6165814067558,Organic Dry 84,Dry groceries,CanMore,250ml,kg,8.48,7.21,0.15,2170,12,V663,1,0.402,0.121,0.777,0.117
SKU001198,8007049968357,Premium Dry 317,Dry groceries,GoodGrain,box,kg,9.79,6.65,0.321,423,10,V758,48,0.409,0.216,0.849,0.061
SKU001199,2292397875671,Premium Dry 648,Dry groceries,CanMore,bag,ea,2.77,1.6,0.422,1276,9,V325,48,0.329,0.127,1.086,0.033
SKU001200,8808898400683,Organic Dry 804,Dry groceries,GoodGrain,500ml,kg,6.28,4.5,0.283,2591,6,V235,1,0.622,0.326,1.044,0.096
SKU001201,3419611657060,Classic Dry 510,Dry groceries,PantryPlus,bag,L,1.22,0.68,0.443,3114,3,V982,12,1.31,0.722,0.842,0.032
SKU001202,3496395191086,Family Pack Dry 35,Dry groceries,PantryPlus,250g,kg,11.65,9.45,0.189,1723,4,V285,48,0.594,0.247,0.89,0.249
SKU001203,4603367042896,Premium Dry 550,Dry groceries,GoodGrain,250ml,L,6.15,4.51,0.267,1178,9,V281,24,1.795,0.715,0.957,0.035
SKU001204,6812253629237,Value Dry 649,Dry groceries,PantryPlus,single,ea,1.86,1.37,0.263,500,8,V723,24,0.551,0.269,1.216,0.107
SKU001205,2742845320935,Classic Dry 80,Dry groceries,CanMore,1kg,L,10.98,8.59,0.218,1821,8,V353,6,5.634,1.617,0.991,0.024
SKU001206,6600926343527,Family Pack Dry 971,Dry groceries,PantryPlus,box,kg,1.23,0.68,0.447,1890,8,V671,6,0.592,0.204,0.98,0.016
SKU001207,7394880069981,Value Dry 570,Dry groceries,CanMore,1L,L,4.09,2.57,0.372,872,3,V863,48,0.692,0.374,1.17,0.137
SKU001208,8627831194020,Original Dry 973,Dry groceries,CanMore,250g,ea,4.2,3.24,0.229,1611,10,V725,6,0.397,0.188,0.776,0.056
SKU001209,4813535105389,Organic Dry 549,Dry groceries,GoodGrain,500g,kg,10.29,6.06,0.411,2076,11,V188,6,1.373,0.655,1.158,0.131
SKU001210,6760521114705,Extra Dry 787,Dry groceries,GoodGrain,box,L,2.22,1.26,0.432,1257,4,V727,1,0.332,0.129,1.438,0.034
SKU001211,2148897559900,Family Pack Dry 107,Dry groceries,CanMore,single,kg,7.24,5.14,0.29,593,7,V915,6,0.339,0.114,0.974,0.355
SKU001212,4724598942433,Lite Dry 670,Dry groceries,PantryPlus,250g,L,1.64,1.02,0.378,1935,13,V607,6,24.766,5.341,1.035,0.09
SKU001213,4264830342446,Family Pack Dry 246,Dry groceries,PantryPlus,250g,kg,11.87,6.81,0.426,3249,3,V554,12,4.475,2.112,1.171,0.111
SKU001214,5019133962972,Family Pack Dry 4,Dry groceries,CanMore,1L,ea,9.67,6.87,0.29,1973,6,V379,48,0.643,0.213,0.92,0.131
SKU001215,3094565226096,Family Pack Dry 403,Dry groceries,PantryPlus,1kg,ea,8.48,5.47,0.355,2058,13,V195,48,0.649,0.264,0.753,0.001
SKU001216,4056540034589,Family Pack Dry 508,Dry groceries,StaplesCo,single,ea,2.2,1.54,0.3,3381,3,V675,12,1.614,0.6,0.983,0.032
SKU001217,2072093069125,Value Dry 209,Dry groceries,GoodGrain,250g,L,1.72,1.32,0.233,737,6,V969,12,0.866,0.253,0.979,0.295
SKU001218,2022609657094,Extra Dry 848,Dry groceries,StaplesCo,single,ea,6.98,5.14,0.264,1891,9,V685,48,0.364,0.133,0.8,0.079
SKU001219,4644138822278,Lite Dry 741,Dry groceries,CanMore,single,ea,2.78,1.78,0.36,2812,8,V295,1,0.502,0.16,1.043,0.005
SKU001220,8603985374447,Premium Dry 289,Dry groceries,CanMore,500ml,kg,11.32,7.0,0.382,1713,11,V649,1,0.471,0.198,1.038,0.086
SKU001221,4661280660554,Lite Dry 712,Dry groceries,PantryPlus,1kg,ea,3.1,2.0,0.355,2147,9,V189,12,0.53,0.235,0.639,0.005
SKU001222,7814078031873,Organic Dry 156,Dry groceries,GoodGrain,250g,L,8.92,5.47,0.387,2918,12,V282,1,0.479,0.216,0.937,0.039
SKU001223,4672022675107,Premium Dry 866,Dry groceries,PantryPlus,1L,kg,4.54,2.81,0.381,813,11,V615,48,1.979,1.035,1.301,0.226
SKU001224,4474253547813,Family Pack Dry 845,Dry groceries,StaplesCo,250g,kg,9.61,5.63,0.414,743,3,V481,6,0.497,0.218,1.08,0.08
SKU001225,6322082187436,Lite Dry 150,Dry groceries,CanMore,box,L,6.62,4.56,0.311,1462,13,V567,48,0.357,0.1,0.98,0.014
SKU001226,8666932188129,Premium Dry 930,Dry groceries,PantryPlus,tub,ea,10.49,8.21,0.217,1656,11,V962,24,0.962,0.412,1.225,0.174
SKU001227,2611428946681,Original Dry 34,Dry groceries,GoodGrain,tub,L,11.87,7.82,0.341,1919,6,V443,48,0.677,0.234,0.73,0.038
SKU001228,3831419991019,Extra Dry 117,Dry groceries,GoodGrain,box,L,4.35,3.35,0.23,3277,5,V496,1,1.058,0.535,1.149,0.018
SKU001229,8018536352890,Premium Dry 749,Dry groceries,GoodGrain,bag,L,1.53,1.07,0.301,1645,10,V379,48,1.124,0.489,0.766,0.084
SKU001230,7037201908167,Premium Dry 368,Dry groceries,CanMore,bag,L,2.21,1.82,0.176,2172,3,V965,6,1.504,0.724,0.946,0.474
SKU001231,4262954919548,Extra Dry 771,Dry groceries,CanMore,tub,ea,2.29,1.72,0.249,1433,7,V634,6,0.596,0.305,1.104,0.12
SKU001232,3188229915378,Premium Dry 741,Dry groceries,PantryPlus,1L,ea,6.65,5.37,0.192,835,7,V622,6,0.349,0.168,1.061,0.052
SKU001233,5978873338609,Extra Dry 717,Dry groceries,PantryPlus,500g,kg,6.14,3.87,0.37,920,4,V301,1,0.497,0.198,0.783,0.036
SKU001234,7573640486358,Premium Dry 287,Dry groceries,StaplesCo,250ml,ea,0.6,0.49,0.183,3253,14,V861,1,0.534,0.28,0.911,0.345
SKU001235,8605671228392,Lite Dry 543,Dry groceries,PantryPlus,bag,L,2.97,1.67,0.438,2136,9,V440,6,0.774,0.301,0.773,0.142
SKU001236,4364203147097,Value Dry 137,Dry groceries,CanMore,bag,L,9.28,5.84,0.371,2987,10,V209,6,0.845,0.308,0.867,0.274
SKU001237,8954189497243,Organic Dry 15,Dry groceries,GoodGrain,250g,kg,3.48,2.88,0.172,2379,4,V264,1,2.689,1.415,1.062,0.092
SKU001238,3538327667630,Classic Dry 37,Dry groceries,PantryPlus,500ml,ea,11.15,8.87,0.204,1209,12,V300,12,0.543,0.225,0.83,0.167
SKU001239,8773410370514,Premium Dry 980,Dry groceries,GoodGrain,500ml,L,3.76,3.14,0.165,1070,12,V846,48,0.396,0.1,0.934,0.062
SKU001240,8213874420619,Premium Dry 695,Dry groceries,PantryPlus,1kg,L,0.51,0.43,0.157,1846,3,V311,24,2.889,0.811,0.767,0.084
SKU001241,3239304506889,Organic Dry 878,Dry groceries,GoodGrain,500g,kg,2.87,2.04,0.289,2390,6,V967,1,6.348,2.462,0.853,0.167
SKU001242,4895694987756,Organic Dry 114,Dry groceries,PantryPlus,500g,kg,4.73,3.52,0.256,3425,11,V184,48,0.469,0.1,1.0,0.201
SKU001243,5488032608402,Original Dry 934,Dry groceries,GoodGrain,500ml,L,11.08,8.81,0.205,1284,12,V930,24,0.335,0.153,0.552,0.113
SKU001244,6235446269717,Family Pack Dry 191,Dry groceries,StaplesCo,single,ea,3.65,2.44,0.332,1064,12,V578,1,0.434,0.143,0.9,0.068
SKU001245,2286546763425,Value Dry 107,Dry groceries,PantryPlus,tub,ea,8.15,5.95,0.27,1612,13,V823,24,1.056,0.276,1.127,0.044
SKU001246,5818087100587,Original Dry 404,Dry groceries,PantryPlus,box,ea,9.49,6.75,0.289,1432,10,V216,1,0.662,0.145,0.884,0.089
SKU001247,8450290956662,Value Dry 302,Dry groceries,PantryPlus,1L,kg,2.7,1.69,0.374,875,8,V858,48,2.167,0.575,0.976,0.022
SKU001248,8850810500839,Original Dry 811,Dry groceries,StaplesCo,500ml,kg,6.59,5.26,0.202,1698,5,V357,6,0.927,0.271,0.978,0.12
SKU001249,8811878661661,Extra Dry 518,Dry groceries,PantryPlus,1kg,L,1.31,0.75,0.427,1153,14,V193,1,0.504,0.248,1.088,0.01
SKU001250,4507729136730,Premium Dry 479,Dry groceries,PantryPlus,500ml,kg,9.63,6.29,0.347,1391,9,V735,6,7.397,1.785,0.915,0.033
SKU001251,7879058174778,Value Dry 455,Dry groceries,GoodGrain,box,L,2.87,2.0,0.303,971,3,V331,12,2.648,0.812,1.269,0.141
SKU001252,3502220919168,Family Pack Dry 213,Dry groceries,CanMore,500g,ea,3.84,3.01,0.216,1102,9,V273,12,3.518,1.242,1.108,0.192
SKU001253,3364932808555,Lite Dry 480,Dry groceries,PantryPlus,500ml,L,2.17,1.6,0.263,562,7,V632,1,0.557,0.295,1.207,0.14
SKU001254,6338022848829,Family Pack Dry 332,Dry groceries,PantryPlus,tub,ea,11.06,8.62,0.221,1073,14,V233,48,1.553,0.424,1.022,0.214
SKU001255,6765831344222,Premium Dry 205,Dry groceries,GoodGrain,250ml,L,2.9,1.64,0.434,2920,5,V464,1,0.366,0.1,1.231,0.122
SKU001256,5649880551432,Lite Dry 114,Dry groceries,GoodGrain,1L,ea,4.54,3.09,0.319,2408,11,V324,24,0.48,0.243,0.671,0.242
SKU001257,5626414272201,Organic Dry 483,Dry groceries,PantryPlus,500ml,L,10.68,7.84,0.266,2039,3,V739,1,0.403,0.103,0.904,0.046
SKU001258,2332894329839,Lite Dry 395,Dry groceries,PantryPlus,box,L,3.27,2.59,0.208,2975,8,V533,1,0.713,0.403,0.93,0.118
SKU001259,6881223023733,Classic Dry 261,Dry groceries,GoodGrain,tub,ea,2.91,2.35,0.192,1597,9,V794,48,0.363,0.111,1.054,0.286
SKU001260,3983553025349,Lite Dry 264,Dry groceries,GoodGrain,tub,L,10.91,6.52,0.402,2215,5,V981,6,0.82,0.34,0.949,0.066
SKU001261,7545528963834,Lite Dry 69,Dry groceries,GoodGrain,500ml,ea,10.43,7.45,0.286,2178,8,V409,12,0.582,0.246,0.952,0.001
SKU001262,4511583149669,Organic Dry 38,Dry groceries,StaplesCo,1L,L,7.92,6.09,0.231,378,8,V170,12,0.326,0.174,0.863,0.097
SKU001263,7320789766583,Lite Dry 715,Dry groceries,CanMore,500ml,ea,10.31,6.96,0.325,3329,10,V308,12,0.732,0.437,1.001,0.007
SKU001264,3000086042942,Value Dry 677,Dry groceries,GoodGrain,250ml,kg,11.75,9.08,0.227,2624,6,V809,6,1.674,0.426,1.071,0.092
SKU001265,4253371089917,Organic Dry 919,Dry groceries,StaplesCo,250g,L,2.66,1.72,0.353,402,13,V188,12,0.338,0.196,0.943,0.031
SKU001266,7997926466976,Extra Dry 217,Dry groceries,StaplesCo,1L,L,2.66,2.02,0.241,524,3,V639,6,0.385,0.1,0.789,0.092
SKU001267,6786427285180,Lite Dry 483,Dry groceries,CanMore,box,L,8.05,5.14,0.361,1722,8,V964,12,0.532,0.302,1.08,0.097
SKU001268,2991586766315,Lite Dry 329,Dry groceries,CanMore,1L,ea,9.95,7.36,0.26,2421,12,V515,6,0.391,0.107,0.8,0.184
SKU001269,2284989844834,Family Pack Dry 582,Dry groceries,PantryPlus,tub,ea,7.36,4.44,0.397,1873,13,V223,24,0.817,0.21,1.164,0.215
SKU001270,7324167260446,Family Pack Dry 874,Dry groceries,PantryPlus,250ml,ea,4.66,2.89,0.38,2462,6,V344,12,1.572,0.636,0.954,0.161
SKU001271,4199283698446,Original Dry 723,Dry groceries,PantryPlus,1L,L,11.43,7.83,0.315,980,14,V221,12,2.101,1.152,0.958,0.016
SKU001272,8741048337601,Organic Dry 860,Dry groceries,CanMore,250ml,ea,2.59,1.71,0.34,2583,12,V707,24,8.936,4.791,0.95,0.037
SKU001273,4647150954540,Organic Dry 604,Dry groceries,StaplesCo,500g,kg,5.16,3.57,0.308,3585,9,V293,48,0.321,0.113,1.116,0.188
SKU001274,4612976524935,Value Dry 842,Dry groceries,GoodGrain,1kg,ea,1.56,1.04,0.333,3169,8,V689,48,0.558,0.33,0.975,0.077
SKU001275,5919349805696,Premium Dry 426,Dry groceries,CanMore,500ml,L,2.68,1.59,0.407,1433,9,V483,24,0.431,0.104,0.737,0.152
SKU001276,2895253111403,Extra Dry 403,Dry groceries,StaplesCo,single,kg,2.62,2.08,0.206,1635,9,V327,48,0.525,0.24,1.084,0.029
SKU001277,7965808305403,Family Pack Dry 327,Dry groceries,PantryPlus,box,L,7.38,4.66,0.369,1238,9,V764,12,0.394,0.126,1.081,0.052
SKU001278,2240183196435,Lite Dry 204,Dry groceries,PantryPlus,500ml,kg,0.74,0.62,0.162,601,7,V521,24,1.594,0.768,1.084,0.311
SKU001279,6941079471525,Family Pack Dry 305,Dry groceries,StaplesCo,single,kg,1.07,0.84,0.215,2837,3,V886,1,6.141,2.71,1.278,0.131
SKU001280,8772870677450,Value Dry 147,Dry groceries,CanMore,tub,kg,2.68,2.21,0.175,852,13,V555,1,0.645,0.312,0.92,0.167
SKU001281,3974340259649,Organic Dry 55,Dry groceries,PantryPlus,500g,ea,6.79,4.68,0.311,1173,11,V764,6,0.374,0.158,0.937,0.144
SKU001282,7831251673513,Classic Dry 184,Dry groceries,GoodGrain,500g,L,5.3,4.33,0.183,1948,9,V446,6,0.579,0.29,1.029,0.114
SKU001283,7780333874577,Family Pack Dry 715,Dry groceries,GoodGrain,tub,kg,8.68,6.1,0.297,3173,14,V743,6,0.327,0.195,0.849,0.106
SKU001284,8247251442137,Lite Dry 936,Dry groceries,StaplesCo,box,L,0.52,0.4,0.231,2374,14,V325,6,0.603,0.281,1.019,0.004
SKU001285,7496475053713,Organic Dry 908,Dry groceries,CanMore,500ml,ea,1.25,1.06,0.152,1591,13,V948,12,0.369,0.166,0.804,0.008
SKU001286,2404739100786,Lite Dry 452,Dry groceries,StaplesCo,tub,kg,2.19,1.26,0.425,812,12,V817,6,2.075,0.783,1.093,0.04
SKU001287,5872035984978,Classic Dry 297,Dry groceries,PantryPlus,500ml,ea,9.73,7.29,0.251,973,6,V916,1,0.369,0.163,0.967,0.12
SKU001288,3469292282804,Original Dry 854,Dry groceries,StaplesCo,1L,kg,1.85,1.34,0.276,3562,3,V991,1,0.69,0.27,1.099,0.295
SKU001289,3178827288306,Extra Dry 949,Dry groceries,GoodGrain,single,L,8.76,6.53,0.255,2803,14,V580,12,0.723,0.393,1.224,0.052
SKU001290,2734262577775,Value Dry 397,Dry groceries,StaplesCo,1kg,kg,2.96,1.96,0.338,2474,8,V292,48,3.077,1.471,0.99,0.223
SKU001291,8014823296727,Original Dry 171,Dry groceries,CanMore,tub,L,5.15,3.54,0.313,1730,7,V402,1,0.437,0.171,0.936,0.15
SKU001292,7705831454854,Classic Dry 961,Dry groceries,StaplesCo,1L,L,3.75,2.14,0.429,567,9,V451,48,0.52,0.169,1.119,0.138
SKU001293,5949652016074,Lite Dry 716,Dry groceries,GoodGrain,single,L,11.36,7.3,0.357,2689,6,V970,1,0.346,0.1,0.723,0.244
SKU001294,6605919740776,Extra Dry 923,Dry groceries,StaplesCo,1kg,kg,10.28,6.96,0.323,1203,12,V730,12,0.389,0.121,1.087,0.387
SKU001295,5291604473145,Value Dry 42,Dry groceries,PantryPlus,bag,L,9.07,5.22,0.424,1255,13,V641,24,0.941,0.381,1.089,0.024
SKU001296,3276918898402,Classic Dry 890,Dry groceries,CanMore,1L,L,9.32,5.79,0.379,1818,3,V377,24,0.492,0.194,1.112,0.12
SKU001297,3561971353095,Original Dry 896,Dry groceries,GoodGrain,tub,ea,7.02,3.92,0.442,3037,10,V791,24,1.158,0.262,1.104,0.039
SKU001298,4958303896035,Classic Dry 155,Dry groceries,GoodGrain,250g,ea,3.9,2.42,0.379,1596,4,V507,1,0.789,0.176,0.909,0.1
SKU001299,4583864334672,Classic Dry 100,Dry groceries,GoodGrain,1kg,L,11.25,6.35,0.436,2186,6,V347,6,0.476,0.285,1.056,0.121
SKU001300,7526720201845,Value Dry 163,Dry groceries,CanMore,500ml,ea,9.31,6.36,0.317,3107,4,V282,24,9.958,3.871,1.195,0.007
SKU001301,2123680291019,Value Beverages 940,Beverages,JuicyPeak,500ml,kg,6.84,5.49,0.197,2703,10,V217,6,0.612,0.195,0.729,0.0
SKU001302,2886502917960,Lite Beverages 226,Beverages,PureSip,1L,kg,0.56,0.4,0.286,554,5,V804,12,0.642,0.363,1.012,0.001
SKU001303,8956436834819,Family Pack Beverages 751,Beverages,JuicyPeak,bag,L,5.01,3.31,0.339,487,13,V925,12,0.782,0.192,0.983,0.315
SKU001304,7807856563763,Extra Beverages 90,Beverages,PureSip,500ml,kg,0.78,0.63,0.192,2190,12,V769,12,0.362,0.16,0.918,0.025
SKU001305,7095193517680,Extra Beverages 804,Beverages,FizzUp,single,ea,4.26,3.38,0.207,3002,3,V960,24,0.964,0.381,0.778,0.047
SKU001306,5265147234398,Classic Beverages 823,Beverages,JuicyPeak,bag,L,8.54,4.92,0.424,2600,3,V638,1,3.858,2.055,0.91,0.018
SKU001307,7148825565123,Lite Beverages 282,Beverages,BrewMasters,1kg,kg,6.25,5.11,0.182,2304,11,V880,24,1.37,0.604,0.675,0.03
SKU001308,5283324521076,Original Beverages 523,Beverages,BrewMasters,bag,L,3.21,2.53,0.212,3430,9,V566,24,0.59,0.124,0.894,0.014
SKU001309,6805844516891,Extra Beverages 811,Beverages,FizzUp,single,kg,1.51,1.1,0.272,3269,3,V518,12,1.173,0.249,1.08,0.019
SKU001310,7220479953103,Premium Beverages 778,Beverages,JuicyPeak,500g,ea,2.4,1.88,0.217,1858,3,V581,12,0.397,0.149,1.022,0.002
SKU001311,2532600700060,Classic Beverages 190,Beverages,PureSip,bag,ea,7.91,4.49,0.432,1976,4,V699,48,0.512,0.236,1.031,0.123
SKU001312,2637785703113,Organic Beverages 829,Beverages,FizzUp,250g,ea,2.62,1.71,0.347,543,6,V466,6,0.684,0.372,0.927,0.184
SKU001313,2865138344109,Value Beverages 155,Beverages,BrewMasters,bag,L,3.93,2.34,0.405,1144,3,V282,6,9.712,3.879,0.817,0.005
SKU001314,4191486846098,Extra Beverages 834,Beverages,PureSip,bag,ea,1.79,1.45,0.19,2902,5,V594,6,0.476,0.213,1.255,0.026
SKU001315,5074266427996,Premium Beverages 978,Beverages,FizzUp,250g,kg,6.6,4.74,0.282,516,6,V763,12,0.733,0.262,1.291,0.199
SKU001316,6376098828121,Family Pack Beverages 86,Beverages,BrewMasters,1L,kg,5.93,3.76,0.366,2439,14,V287,1,0.98,0.267,1.2,0.275
SKU001317,7475717346876,Premium Beverages 64,Beverages,PureSip,tub,L,3.88,2.57,0.338,2194,9,V394,48,0.415,0.145,0.902,0.231
SKU001318,3543450026180,Original Beverages 753,Beverages,JuicyPeak,500ml,L,0.8,0.47,0.413,2346,7,V569,24,0.366,0.154,0.874,0.186
SKU001319,7253025538532,Lite Beverages 903,Beverages,FizzUp,250g,ea,5.97,4.29,0.281,1370,4,V173,24,22.185,11.688,0.992,0.103
SKU001320,5102687458169,Classic Beverages 544,Beverages,PureSip,1kg,L,6.28,4.57,0.272,2572,7,V340,48,0.453,0.182,1.165,0.169
SKU001321,4553623911435,Organic Beverages 681,Beverages,FizzUp,tub,L,4.25,2.42,0.431,800,4,V366,12,1.814,0.649,0.612,0.112
SKU001322,7250431614139,Organic Beverages 631,Beverages,JuicyPeak,box,kg,7.57,4.5,0.406,1609,13,V743,1,0.52,0.143,0.982,0.062
SKU001323,3449976053199,Lite Beverages 849,Beverages,PureSip,1L,kg,3.1,2.35,0.242,579,7,V917,1,0.357,0.133,0.992,0.017
SKU001324,8680951869058,Original Beverages 783,Beverages,FizzUp,1kg,ea,5.29,3.96,0.251,2052,7,V404,24,80.591,47.426,0.551,0.167
SKU001325,3328067596003,Value Beverages 270,Beverages,PureSip,single,ea,1.59,1.16,0.27,3579,14,V680,6,0.396,0.177,0.885,0.017
SKU001326,6876388439084,Original Beverages 856,Beverages,FizzUp,bag,L,4.26,2.58,0.394,2633,9,V356,6,0.571,0.283,0.975,0.191
SKU001327,8949302675998,Lite Beverages 758,Beverages,BrewMasters,box,ea,6.18,4.24,0.314,1461,8,V163,24,0.405,0.149,1.072,0.068
SKU001328,4752992545949,Original Beverages 236,Beverages,FizzUp,1L,kg,9.08,7.17,0.21,880,4,V668,12,0.651,0.162,1.025,0.079
SKU001329,2684046444489,Value Beverages 99,Beverages,BrewMasters,single,kg,8.37,7.02,0.161,387,4,V524,24,19.154,6.163,0.991,0.027
SKU001330,2869428554539,Classic Beverages 162,Beverages,JuicyPeak,250ml,ea,7.46,4.76,0.362,2440,13,V314,48,0.636,0.209,0.935,0.081
SKU001331,7376380504968,Classic Beverages 337,Beverages,JuicyPeak,single,ea,4.11,3.07,0.253,3031,12,V467,12,0.436,0.189,0.915,0.099
SKU001332,2035718721646,Extra Beverages 888,Beverages,PureSip,tub,L,8.92,6.75,0.243,2088,11,V195,1,0.376,0.148,1.284,0.047
SKU001333,3899123817301,Value Beverages 353,Beverages,FizzUp,250g,L,5.31,3.49,0.343,421,4,V731,24,0.84,0.471,1.165,0.001
SKU001334,3970385152592,Original Beverages 353,Beverages,PureSip,box,ea,0.57,0.36,0.368,1669,9,V517,6,0.345,0.205,1.063,0.036
SKU001335,7816817081271,Premium Beverages 454,Beverages,JuicyPeak,1kg,kg,8.96,5.69,0.365,1495,7,V423,24,27.111,5.808,0.983,0.095
SKU001336,6472309863339,Lite Beverages 839,Beverages,FizzUp,500g,kg,1.24,0.94,0.242,1960,3,V261,12,9.039,2.095,1.412,0.076
SKU001337,5473473207855,Classic Beverages 610,Beverages,JuicyPeak,500g,kg,8.24,4.55,0.448,2544,13,V575,1,1.491,0.35,0.941,0.03
SKU001338,4456187544682,Organic Beverages 636,Beverages,BrewMasters,1kg,kg,9.4,6.74,0.283,2133,11,V711,12,0.541,0.314,0.917,0.08
SKU001339,2494611044822,Original Beverages 776,Beverages,BrewMasters,1kg,kg,4.43,2.62,0.409,3638,6,V605,24,0.348,0.191,1.028,0.022
SKU001340,5030562372839,Value Beverages 790,Beverages,JuicyPeak,250g,kg,2.15,1.33,0.381,1987,4,V365,24,0.945,0.335,0.983,0.068
SKU001341,4812616055985,Value Beverages 25,Beverages,JuicyPeak,bag,kg,1.28,0.94,0.266,374,9,V551,1,2.488,0.675,1.014,0.02
SKU001342,8367370191342,Organic Beverages 676,Beverages,JuicyPeak,single,ea,5.27,3.35,0.364,1190,3,V349,48,4.616,0.933,1.187,0.139
SKU001343,5372879159009,Value Beverages 494,Beverages,BrewMasters,500g,kg,7.32,4.52,0.383,3344,10,V774,24,4.892,2.332,1.037,0.107
SKU001344,6609635503816,Family Pack Beverages 454,Beverages,FizzUp,box,L,3.34,2.74,0.18,1996,14,V930,48,0.34,0.119,1.018,0.337
SKU001345,7681451413813,Value Beverages 907,Beverages,JuicyPeak,1L,L,8.12,5.4,0.335,1537,14,V728,24,1.79,0.966,1.076,0.222
SKU001346,8221696013962,Extra Beverages 913,Beverages,BrewMasters,1L,kg,2.88,1.97,0.316,1048,4,V252,48,0.519,0.196,0.872,0.151
SKU001347,4630373946492,Lite Beverages 851,Beverages,JuicyPeak,250g,L,5.87,4.67,0.204,714,3,V904,24,0.653,0.332,1.056,0.274
SKU001348,3028397467609,Classic Beverages 520,Beverages,FizzUp,1L,ea,2.25,1.42,0.369,1249,7,V242,6,0.861,0.249,0.987,0.023
SKU001349,2956731184867,Classic Beverages 530,Beverages,PureSip,1kg,kg,4.16,3.16,0.24,2347,6,V639,48,0.516,0.183,0.954,0.287
SKU001350,4027760983613,Classic Beverages 637,Beverages,JuicyPeak,single,ea,5.43,3.6,0.337,2884,3,V728,48,2.912,0.943,1.053,0.055
SKU001351,4518533175365,Extra Beverages 38,Beverages,FizzUp,250ml,kg,4.22,3.34,0.209,3050,12,V195,48,12.648,4.289,0.867,0.03
SKU001352,4733955795638,Lite Beverages 259,Beverages,JuicyPeak,box,L,6.16,3.73,0.394,750,8,V533,12,2.999,1.008,0.895,0.218
SKU001353,4874500937624,Original Beverages 939,Beverages,PureSip,1L,kg,4.03,2.56,0.365,2349,7,V773,1,0.55,0.268,0.864,0.119
SKU001354,6463808025149,Family Pack Beverages 457,Beverages,BrewMasters,500g,L,8.52,7.11,0.165,972,8,V945,6,3.401,1.637,1.168,0.06
SKU001355,4667358341099,Classic Beverages 243,Beverages,BrewMasters,500ml,L,5.34,3.1,0.419,2031,5,V688,48,0.329,0.1,0.851,0.106
SKU001356,6212574438464,Organic Beverages 945,Beverages,BrewMasters,250ml,ea,1.38,0.91,0.341,3336,11,V884,12,0.418,0.249,1.033,0.059
SKU001357,7076833965847,Family Pack Beverages 872,Beverages,BrewMasters,tub,L,6.83,3.95,0.422,1557,4,V698,6,0.621,0.181,1.088,0.046
SKU001358,2060412568595,Premium Beverages 738,Beverages,PureSip,single,L,1.42,1.13,0.204,2040,13,V428,1,0.349,0.1,0.797,0.051
SKU001359,8043122707391,Extra Beverages 713,Beverages,JuicyPeak,250g,ea,9.5,6.45,0.321,3140,3,V113,1,0.32,0.131,0.994,0.116
SKU001360,6810536467575,Premium Beverages 791,Beverages,PureSip,single,kg,8.1,6.71,0.172,3310,7,V128,1,0.334,0.103,0.965,0.065
SKU001361,6110385423678,Lite Beverages 538,Beverages,BrewMasters,box,ea,4.17,2.42,0.42,2209,14,V741,48,4.317,1.22,1.029,0.085
SKU001362,3280096719758,Value Beverages 224,Beverages,JuicyPeak,1kg,L,8.73,5.68,0.349,1498,11,V402,1,0.648,0.219,1.053,0.503
SKU001363,5300794269970,Original Beverages 882,Beverages,FizzUp,250ml,ea,2.46,1.98,0.195,1654,10,V630,1,1.345,0.46,0.777,0.03
SKU001364,7619839704091,Family Pack Beverages 702,Beverages,BrewMasters,250g,L,1.24,0.79,0.363,1832,7,V777,48,0.475,0.205,0.793,0.005
SKU001365,5181450833008,Classic Beverages 131,Beverages,BrewMasters,single,ea,6.22,3.94,0.367,1538,13,V723,6,0.722,0.359,1.019,0.016
SKU001366,8339772154628,Value Beverages 212,Beverages,FizzUp,single,kg,2.34,1.42,0.393,1200,3,V135,1,0.444,0.1,0.844,0.088
SKU001367,4710677613973,Organic Beverages 420,Beverages,PureSip,250ml,ea,1.17,0.77,0.342,1156,8,V970,1,17.176,3.815,0.835,0.01
SKU001368,6866998710516,Extra Beverages 996,Beverages,BrewMasters,500ml,ea,8.27,6.2,0.25,1048,6,V126,24,0.436,0.164,0.853,0.0
SKU001369,4385653825633,Classic Beverages 23,Beverages,PureSip,1kg,ea,7.88,5.93,0.247,2617,8,V284,48,0.481,0.163,0.86,0.055
SKU001370,5310432028714,Classic Beverages 542,Beverages,FizzUp,single,kg,3.96,3.15,0.205,2241,12,V229,48,0.523,0.234,1.248,0.41
SKU001371,8534076577531,Original Beverages 164,Beverages,PureSip,single,kg,8.33,5.8,0.304,1764,12,V652,6,0.494,0.125,0.803,0.22
SKU001372,5593496609193,Premium Beverages 270,Beverages,BrewMasters,single,kg,6.9,3.91,0.433,1875,11,V176,48,1.224,0.419,0.958,0.0
SKU001373,2742617845731,Lite Beverages 834,Beverages,BrewMasters,500g,kg,0.76,0.62,0.184,2904,10,V450,1,0.801,0.243,1.058,0.166
SKU001374,5917516957828,Organic Beverages 869,Beverages,JuicyPeak,bag,ea,7.31,5.92,0.19,2982,8,V494,6,0.354,0.196,0.985,0.343
SKU001375,5585541947154,Organic Beverages 82,Beverages,PureSip,250ml,kg,1.87,1.19,0.364,1711,12,V713,24,0.56,0.27,1.076,0.11
SKU001376,5122490728696,Original Beverages 227,Beverages,BrewMasters,box,L,1.13,0.64,0.434,2234,14,V611,6,0.826,0.248,0.962,0.029
SKU001377,2776906549027,Premium Beverages 962,Beverages,PureSip,250ml,ea,1.67,1.1,0.341,2819,11,V545,48,0.686,0.15,0.911,0.065
SKU001378,6619806167224,Lite Beverages 905,Beverages,PureSip,250ml,ea,9.87,8.17,0.172,1593,6,V476,48,0.645,0.33,1.262,0.006
SKU001379,6345137298814,Original Beverages 242,Beverages,FizzUp,1L,kg,1.98,1.35,0.318,2163,9,V692,48,0.863,0.338,1.011,0.111
SKU001380,4217674032316,Original Beverages 781,Beverages,PureSip,single,L,1.68,1.39,0.173,410,14,V650,6,0.467,0.146,1.361,0.111
SKU001381,6743460373826,Organic Beverages 860,Beverages,PureSip,bag,ea,3.78,2.19,0.421,2251,4,V551,12,0.625,0.244,1.07,0.131
SKU001382,6558489708411,Family Pack Beverages 581,Beverages,BrewMasters,500g,ea,5.01,3.94,0.214,1486,13,V282,48,1.543,0.444,0.883,0.137
SKU001383,3009350592399,Family Pack Beverages 96,Beverages,PureSip,500g,L,8.43,6.86,0.186,1704,9,V921,12,1.094,0.335,0.874,0.092
SKU001384,7802946955285,Family Pack Beverages 477,Beverages,FizzUp,1L,kg,1.55,0.98,0.368,1297,3,V385,24,0.848,0.358,0.633,0.224
SKU001385,7929598045899,Lite Beverages 198,Beverages,FizzUp,tub,ea,5.67,4.12,0.273,1543,11,V869,6,0.752,0.309,1.24,0.137
SKU001386,8899225216772,Organic Beverages 460,Beverages,FizzUp,250g,kg,4.12,3.36,0.184,3464,8,V928,12,1.436,0.328,0.944,0.061
SKU001387,8485495645148,Organic Beverages 716,Beverages,FizzUp,500g,kg,4.1,2.5,0.39,1339,3,V380,1,0.387,0.1,0.706,0.336
SKU001388,2286935856600,Extra Beverages 48,Beverages,PureSip,single,ea,4.37,3.66,0.162,1992,10,V935,1,0.358,0.208,0.958,0.097
SKU001389,3868824374453,Value Beverages 980,Beverages,BrewMasters,box,L,7.83,4.44,0.433,1067,5,V138,6,0.593,0.158,1.259,0.045
SKU001390,5115898603097,Classic Beverages 673,Beverages,JuicyPeak,250ml,L,0.61,0.47,0.23,1352,9,V352,48,0.401,0.106,0.931,0.253
SKU001391,2681274919575,Original Beverages 550,Beverages,PureSip,1L,L,9.68,6.09,0.371,1975,8,V471,1,4.705,2.038,1.011,0.018
SKU001392,8931073839113,Value Beverages 275,Beverages,JuicyPeak,box,ea,3.57,2.01,0.437,926,4,V514,1,0.967,0.404,0.98,0.06
SKU001393,2196595273586,Value Beverages 112,Beverages,JuicyPeak,bag,L,6.52,5.28,0.19,1369,6,V714,48,0.485,0.207,0.938,0.036
SKU001394,3124791296749,Extra Beverages 858,Beverages,PureSip,500ml,kg,1.49,1.21,0.188,482,3,V622,6,0.697,0.334,1.113,0.109
SKU001395,3420406734264,Family Pack Beverages 859,Beverages,BrewMasters,tub,kg,7.2,5.9,0.181,2833,7,V747,12,1.722,0.48,0.997,0.018
SKU001396,6529675989829,Classic Beverages 496,Beverages,PureSip,1kg,ea,7.51,4.19,0.442,1501,8,V918,24,0.322,0.1,0.956,0.201
SKU001397,5307312386021,Value Beverages 191,Beverages,FizzUp,single,L,0.71,0.54,0.239,1404,12,V761,24,0.377,0.123,0.875,0.261
SKU001398,6798747688215,Lite Beverages 181,Beverages,FizzUp,tub,ea,4.18,2.9,0.306,2615,8,V517,6,0.51,0.203,0.995,0.027
SKU001399,8864119451181,Classic Beverages 54,Beverages,PureSip,1L,L,1.35,1.03,0.237,1517,9,V129,24,1.411,0.637,1.131,0.508
SKU001400,4009676550135,Extra Beverages 960,Beverages,PureSip,250g,kg,1.57,1.13,0.28,3140,8,V205,12,0.666,0.377,1.089,0.206
SKU001401,5453417074264,Extra Beverages 859,Beverages,BrewMasters,1L,kg,9.83,8.29,0.157,1515,9,V378,6,0.688,0.313,1.186,0.011
SKU001402,8173752171894,Family Pack Beverages 703,Beverages,PureSip,single,L,7.49,4.15,0.446,1084,9,V304,1,0.365,0.171,1.026,0.26
SKU001403,5979808443474,Lite Beverages 803,Beverages,FizzUp,250g,kg,0.66,0.51,0.227,2593,8,V379,1,0.324,0.172,0.953,0.342
SKU001404,8620934094889,Lite Beverages 573,Beverages,FizzUp,1L,ea,1.88,1.22,0.351,1251,13,V520,48,1.208,0.505,1.012,0.104
SKU001405,8730636320923,Original Beverages 290,Beverages,BrewMasters,500ml,ea,9.93,7.0,0.295,3327,9,V309,24,0.39,0.169,0.616,0.165
SKU001406,2625789967641,Original Beverages 975,Beverages,JuicyPeak,box,kg,5.6,3.93,0.298,1941,4,V724,1,0.33,0.13,0.67,0.032
SKU001407,5389803378706,Original Beverages 870,Beverages,JuicyPeak,bag,ea,1.51,0.96,0.364,1973,7,V867,6,0.413,0.158,0.889,0.057
SKU001408,5108967867666,Extra Beverages 591,Beverages,FizzUp,1L,L,9.99,7.56,0.243,1081,5,V361,12,0.459,0.1,1.176,0.039
SKU001409,7410509572269,Organic Beverages 396,Beverages,FizzUp,single,ea,6.22,4.25,0.317,3113,9,V501,12,0.585,0.185,0.813,0.098
SKU001410,5651485013971,Premium Beverages 33,Beverages,FizzUp,bag,kg,4.03,2.7,0.33,2428,11,V185,6,0.347,0.1,1.06,0.138
SKU001411,6581769475441,Original Beverages 335,Beverages,BrewMasters,250ml,L,1.5,0.96,0.36,2769,8,V427,48,0.997,0.314,0.998,0.201
SKU001412,7482226372835,Organic Beverages 555,Beverages,BrewMasters,box,ea,5.47,4.16,0.239,2500,14,V650,6,0.653,0.33,0.956,0.036
SKU001413,3213809698474,Lite Beverages 217,Beverages,FizzUp,tub,kg,7.71,4.25,0.449,2446,12,V286,6,0.478,0.106,1.097,0.203
SKU001414,8398034559151,Value Beverages 585,Beverages,JuicyPeak,1kg,ea,5.74,3.85,0.329,1853,6,V513,24,0.538,0.191,1.128,0.067
SKU001415,4151414919063,Organic Beverages 173,Beverages,PureSip,tub,kg,7.27,5.8,0.202,3081,9,V104,12,0.547,0.144,1.003,0.039
SKU001416,2017966465840,Value Beverages 753,Beverages,PureSip,1kg,kg,3.0,2.42,0.193,2381,11,V919,6,0.498,0.149,1.142,0.2
SKU001417,7250141409493,Original Beverages 543,Beverages,BrewMasters,single,L,4.56,3.86,0.154,1151,4,V112,6,1.39,0.339,0.896,0.176
SKU001418,6970781543200,Value Beverages 274,Beverages,JuicyPeak,500g,ea,2.52,2.05,0.187,973,3,V855,24,1.065,0.622,0.93,0.075
SKU001419,4224360396284,Premium Beverages 898,Beverages,JuicyPeak,bag,L,4.6,2.75,0.402,3046,10,V422,24,631.674,369.538,1.344,0.039
SKU001420,5937871171825,Premium Beverages 188,Beverages,FizzUp,250ml,L,3.96,2.79,0.295,629,11,V103,1,0.823,0.472,1.152,0.073
SKU001421,4191172632626,Family Pack Beverages 293,Beverages,BrewMasters,1L,L,6.46,5.42,0.161,2004,7,V205,48,0.846,0.218,0.976,0.089
SKU001422,4032439793838,Organic Beverages 158,Beverages,BrewMasters,box,ea,5.58,3.99,0.285,494,5,V819,12,0.464,0.167,1.09,0.036
SKU001423,3615522506075,Classic Beverages 147,Beverages,JuicyPeak,250g,L,6.83,4.89,0.284,1096,14,V720,24,0.435,0.17,0.9,0.132
SKU001424,3331229458164,Family Pack Beverages 742,Beverages,BrewMasters,tub,L,8.9,6.15,0.309,2401,5,V233,12,0.317,0.104,1.154,0.071
SKU001425,8996654565517,Classic Beverages 920,Beverages,FizzUp,1kg,L,1.25,0.86,0.312,2947,11,V345,48,1.7,0.788,0.982,0.387
SKU001426,2599740821322,Classic Beverages 586,Beverages,JuicyPeak,single,L,8.68,6.97,0.197,2192,3,V336,12,0.317,0.1,0.935,0.118
SKU001427,3017007556414,Original Beverages 163,Beverages,FizzUp,250ml,ea,4.57,2.68,0.414,1403,12,V622,6,3.607,0.737,1.077,0.02
SKU001428,5767142475279,Extra Beverages 654,Beverages,FizzUp,250g,L,9.28,5.81,0.374,1349,5,V670,24,3.451,1.857,1.163,0.061
SKU001429,5631569964700,Value Beverages 391,Beverages,FizzUp,500g,L,2.91,2.45,0.158,2150,7,V398,12,1.429,0.613,0.901,0.012
SKU001430,8009453539937,Organic Beverages 958,Beverages,PureSip,250ml,L,1.27,0.93,0.268,866,12,V802,24,0.542,0.141,1.166,0.074
SKU001431,4460514562983,Premium Beverages 931,Beverages,BrewMasters,500g,ea,3.63,2.28,0.372,978,7,V210,24,12.077,5.32,0.917,0.376
SKU001432,3302422564405,Family Pack Beverages 88,Beverages,BrewMasters,500g,kg,7.75,4.65,0.4,3407,10,V122,24,0.858,0.333,0.987,0.005
SKU001433,2002711799527,Classic Beverages 189,Beverages,PureSip,bag,ea,8.21,5.3,0.354,2790,7,V430,48,1.339,0.681,1.214,0.08
SKU001434,6181246014825,Family Pack Beverages 232,Beverages,PureSip,single,ea,0.71,0.59,0.169,1830,12,V397,48,0.839,0.249,1.256,0.243
SKU001435,6900553549102,Organic Beverages 259,Beverages,PureSip,1kg,kg,2.98,2.34,0.215,2110,5,V133,12,3.434,0.801,0.909,0.049
SKU001436,7844717777882,Family Pack Beverages 837,Beverages,FizzUp,1kg,ea,7.11,4.09,0.425,2677,14,V225,12,0.477,0.118,1.036,0.174
SKU001437,6570054974553,Family Pack Beverages 863,Beverages,FizzUp,250g,L,3.91,3.24,0.171,2422,5,V943,6,0.433,0.176,0.889,0.017
SKU001438,2818708126769,Value Beverages 440,Beverages,FizzUp,500ml,kg,2.65,2.02,0.238,2138,14,V969,1,0.495,0.207,0.991,0.048
SKU001439,7561683910297,Original Beverages 689,Beverages,PureSip,1L,L,2.8,1.74,0.379,1516,7,V845,48,0.767,0.371,0.993,0.23
SKU001440,4437087502084,Family Pack Beverages 590,Beverages,JuicyPeak,bag,kg,8.19,5.77,0.295,2529,5,V130,6,3.146,1.465,0.789,0.037
SKU001441,6918174749101,Classic Beverages 752,Beverages,PureSip,250g,ea,4.37,3.68,0.158,1318,3,V522,12,0.32,0.167,1.264,0.04
SKU001442,7963877710122,Premium Beverages 909,Beverages,FizzUp,bag,kg,4.15,2.96,0.287,986,5,V898,24,0.395,0.231,1.339,0.006
SKU001443,6771410555407,Extra Beverages 532,Beverages,PureSip,tub,kg,1.46,1.05,0.281,1676,10,V444,24,0.679,0.141,0.969,0.019
SKU001444,3013117928451,Original Beverages 288,Beverages,BrewMasters,250ml,L,9.2,7.08,0.23,785,6,V713,1,50.176,16.917,0.872,0.007
SKU001445,8698759194779,Extra Beverages 817,Beverages,BrewMasters,500g,kg,2.45,1.68,0.314,2033,14,V623,1,0.46,0.235,0.952,0.025
SKU001446,3068179855656,Organic Beverages 531,Beverages,BrewMasters,bag,kg,1.31,1.07,0.183,3439,4,V576,48,0.426,0.192,1.135,0.113
SKU001447,5112093664764,Family Pack Beverages 158,Beverages,BrewMasters,box,kg,9.18,7.3,0.205,1057,12,V177,48,0.671,0.361,1.121,0.045
SKU001448,3896230184749,Organic Beverages 69,Beverages,PureSip,tub,ea,5.2,4.16,0.2,758,9,V962,6,0.411,0.154,0.822,0.064
SKU001449,4804831558612,Extra Beverages 807,Beverages,BrewMasters,1L,ea,6.07,3.74,0.384,2544,12,V920,48,0.696,0.277,1.337,0.169
SKU001450,3362191338207,Value Beverages 171,Beverages,JuicyPeak,250g,kg,8.7,5.21,0.401,3295,3,V468,12,0.467,0.259,0.942,0.029
SKU001451,3558562605519,Family Pack Beverages 432,Beverages,PureSip,500ml,ea,0.75,0.55,0.267,3645,11,V742,24,3.291,1.585,0.928,0.137
SKU001452,8644270084718,Value Beverages 897,Beverages,JuicyPeak,tub,L,3.14,1.84,0.414,3647,10,V683,12,0.986,0.537,0.836,0.031
SKU001453,8318541544601,Organic Beverages 697,Beverages,BrewMasters,1kg,ea,6.34,4.67,0.263,2731,11,V741,1,0.373,0.141,1.19,0.042
SKU001454,3667491734401,Extra Beverages 56,Beverages,PureSip,bag,ea,9.9,7.93,0.199,382,5,V179,48,0.322,0.145,0.951,0.04
SKU001455,5822637858868,Organic Beverages 759,Beverages,FizzUp,box,L,9.68,8.16,0.157,3627,6,V414,48,0.763,0.285,1.038,0.212
SKU001456,2082697072873,Original Beverages 232,Beverages,FizzUp,250ml,kg,4.16,3.4,0.183,2329,11,V586,6,0.368,0.153,0.944,0.137
SKU001457,5004877986178,Original Beverages 892,Beverages,BrewMasters,500g,L,5.91,4.29,0.274,3194,7,V289,1,0.912,0.515,0.959,0.042
SKU001458,3087532103953,Premium Beverages 343,Beverages,FizzUp,single,ea,0.99,0.78,0.212,1658,4,V759,6,0.393,0.1,1.184,0.032
SKU001459,6162728472557,Organic Beverages 79,Beverages,FizzUp,box,ea,4.6,3.88,0.157,544,9,V465,12,0.355,0.18,1.109,0.107
SKU001460,8061387505556,Value Beverages 346,Beverages,JuicyPeak,tub,L,4.8,3.72,0.225,2170,12,V463,24,0.458,0.14,0.927,0.109
SKU001461,7518042158116,Family Pack Beverages 730,Beverages,BrewMasters,bag,kg,4.98,3.88,0.221,1200,14,V542,48,0.324,0.1,1.045,0.215
SKU001462,6934325966794,Family Pack Beverages 574,Beverages,JuicyPeak,1L,kg,4.07,3.29,0.192,2968,14,V154,48,1.494,0.569,1.208,0.034
SKU001463,8594037634937,Extra Beverages 889,Beverages,BrewMasters,single,ea,7.19,3.96,0.449,2871,8,V650,6,0.896,0.189,1.007,0.059
SKU001464,4099575122101,Organic Beverages 236,Beverages,JuicyPeak,1L,L,5.4,3.35,0.38,1976,10,V539,12,1.334,0.687,0.911,0.038
SKU001465,8914270027665,Original Beverages 96,Beverages,FizzUp,tub,kg,7.4,6.05,0.182,2501,6,V298,1,0.528,0.207,1.307,0.001
SKU001466,6657566262304,Classic Beverages 608,Beverages,FizzUp,1kg,L,8.4,6.3,0.25,3259,4,V333,24,0.483,0.158,0.978,0.104
SKU001467,3733733130981,Extra Beverages 298,Beverages,FizzUp,1kg,L,8.49,6.84,0.194,1134,12,V848,48,1.376,0.718,0.78,0.097
SKU001468,8215545025495,Classic Beverages 542,Beverages,FizzUp,single,L,8.88,6.48,0.27,1641,9,V352,1,1.348,0.694,0.866,0.084
SKU001469,5615312403358,Value Beverages 706,Beverages,JuicyPeak,500g,L,6.95,5.82,0.163,2588,3,V645,24,0.356,0.1,0.807,0.203
SKU001470,3822576980250,Classic Beverages 917,Beverages,JuicyPeak,single,ea,3.96,2.83,0.285,1121,14,V642,12,0.332,0.14,0.888,0.087
SKU001471,4060840265053,Classic Beverages 74,Beverages,JuicyPeak,250ml,kg,6.31,4.77,0.244,1342,7,V446,1,1.07,0.302,1.076,0.121
SKU001472,6853590457724,Organic Beverages 288,Beverages,PureSip,1L,L,6.79,4.19,0.383,405,3,V132,24,0.456,0.121,1.371,0.011
SKU001473,6180918509661,Organic Beverages 738,Beverages,JuicyPeak,500g,kg,2.08,1.75,0.159,1200,5,V149,24,13.494,6.171,0.861,0.031
SKU001474,6006107377070,Lite Beverages 402,Beverages,FizzUp,250g,kg,7.95,6.27,0.211,1777,10,V896,6,0.424,0.113,0.96,0.027
SKU001475,2596208519454,Classic Beverages 512,Beverages,FizzUp,1L,L,9.82,6.86,0.301,3203,8,V783,6,0.505,0.264,0.932,0.018
SKU001476,2501979350450,Premium Beverages 863,Beverages,FizzUp,1kg,ea,8.77,4.93,0.438,1756,12,V621,1,0.319,0.181,1.056,0.019
SKU001477,4594940681772,Lite Beverages 16,Beverages,PureSip,single,ea,6.56,3.88,0.409,2380,14,V284,12,0.994,0.386,1.084,0.222
SKU001478,7849424221192,Extra Beverages 932,Beverages,PureSip,1L,kg,4.63,3.22,0.305,1187,14,V989,12,4.86,1.592,0.949,0.144
SKU001479,6746252141164,Original Beverages 102,Beverages,JuicyPeak,tub,L,0.68,0.47,0.309,541,10,V868,12,0.328,0.171,1.027,0.123
SKU001480,7382318622742,Value Beverages 83,Beverages,FizzUp,1kg,ea,2.71,1.65,0.391,2758,5,V693,12,0.455,0.18,1.067,0.014
SKU001481,6986906580132,Original Beverages 307,Beverages,JuicyPeak,single,L,3.18,2.35,0.261,2215,5,V325,6,0.615,0.172,1.04,0.066
SKU001482,7503980341621,Extra Beverages 846,Beverages,JuicyPeak,500ml,L,6.27,5.21,0.169,3148,4,V101,48,0.388,0.123,0.764,0.228
SKU001483,2826022585054,Lite Beverages 539,Beverages,PureSip,single,kg,6.27,4.55,0.274,1951,5,V787,12,2.819,1.416,1.064,0.049
SKU001484,2135952481776,Original Beverages 891,Beverages,BrewMasters,bag,kg,1.22,0.88,0.279,1573,3,V144,6,3.217,0.967,1.081,0.02
SKU001485,4514048528547,Organic Beverages 444,Beverages,PureSip,500ml,kg,1.47,0.94,0.361,2432,11,V442,24,0.814,0.209,0.828,0.125
SKU001486,6486437754113,Lite Beverages 336,Beverages,JuicyPeak,single,ea,8.69,5.11,0.412,828,14,V274,1,0.499,0.215,1.028,0.033
SKU001487,2604823906468,Premium Beverages 652,Beverages,FizzUp,box,L,4.21,3.31,0.214,2645,5,V323,24,0.487,0.237,1.082,0.08
SKU001488,7105174551143,Family Pack Beverages 59,Beverages,BrewMasters,250g,ea,9.78,5.99,0.388,3455,12,V723,24,0.35,0.1,1.042,0.129
SKU001489,5577421420077,Classic Beverages 626,Beverages,FizzUp,500g,kg,0.77,0.43,0.442,2857,5,V432,12,0.88,0.185,1.05,0.01
SKU001490,5012968245547,Family Pack Beverages 846,Beverages,PureSip,250ml,L,8.8,4.94,0.439,1134,9,V142,12,0.374,0.124,1.187,0.105
SKU001491,8694212416201,Family Pack Beverages 848,Beverages,JuicyPeak,1kg,ea,5.42,3.14,0.421,1504,4,V371,12,0.408,0.1,1.218,0.194
SKU001492,8792100598949,Classic Beverages 353,Beverages,PureSip,1kg,kg,6.09,4.21,0.309,3562,11,V931,48,0.405,0.207,0.668,0.042
SKU001493,7562145557398,Value Beverages 986,Beverages,BrewMasters,500ml,ea,8.92,4.98,0.442,379,4,V572,1,0.877,0.436,1.037,0.042
SKU001494,7625672094319,Extra Beverages 231,Beverages,PureSip,box,ea,0.8,0.6,0.25,2308,4,V200,24,0.336,0.14,1.133,0.059
SKU001495,8780332905495,Premium Beverages 166,Beverages,FizzUp,250ml,kg,9.48,7.02,0.259,431,4,V803,48,3.276,1.234,1.03,0.065
SKU001496,4670955686009,Premium Beverages 43,Beverages,PureSip,500ml,L,3.0,2.18,0.273,3577,9,V236,48,4.008,1.806,0.958,0.069
SKU001497,4796567184305,Classic Beverages 339,Beverages,PureSip,250ml,ea,9.1,7.23,0.205,2937,6,V439,48,1.695,0.952,1.004,0.142
SKU001498,5788327430469,Organic Beverages 679,Beverages,FizzUp,single,kg,2.92,2.37,0.188,2431,9,V507,48,0.464,0.19,1.108,0.204
SKU001499,5937099702537,Premium Beverages 959,Beverages,JuicyPeak,250ml,ea,2.18,1.2,0.45,456,11,V660,12,1.075,0.565,1.111,0.004
SKU001500,2586808768078,Organic Beverages 469,Beverages,JuicyPeak,bag,L,4.66,3.25,0.303,1061,11,V896,48,0.36,0.133,0.942,0.059
SKU001501,7407646608851,Lite Beverages 760,Beverages,PureSip,bag,ea,5.49,4.63,0.157,2847,10,V972,48,2.002,0.903,1.052,0.428
SKU001502,8849385832892,Premium Beverages 148,Beverages,BrewMasters,500ml,ea,7.25,5.16,0.288,1597,3,V316,1,0.47,0.113,0.894,0.014
SKU001503,4924483147505,Value Beverages 297,Beverages,BrewMasters,bag,kg,4.3,3.31,0.23,598,5,V230,12,0.343,0.129,0.895,0.004
SKU001504,3599316632783,Lite Beverages 969,Beverages,FizzUp,box,ea,8.67,7.04,0.188,2713,7,V232,48,0.382,0.183,1.105,0.246
SKU001505,2418449068054,Family Pack Beverages 698,Beverages,PureSip,500ml,kg,4.58,3.21,0.299,3051,11,V979,1,0.399,0.17,0.754,0.057
SKU001506,6896914909564,Original Beverages 679,Beverages,BrewMasters,single,kg,2.88,2.13,0.26,886,6,V577,1,0.354,0.1,1.014,0.118
SKU001507,7468469381991,Value Beverages 668,Beverages,BrewMasters,250ml,L,9.25,6.31,0.318,1304,3,V655,12,1.771,0.471,0.834,0.056
SKU001508,3601823964333,Organic Beverages 465,Beverages,JuicyPeak,bag,L,4.03,2.73,0.323,2306,9,V979,6,0.67,0.319,1.125,0.019
SKU001509,6143556504775,Value Beverages 99,Beverages,JuicyPeak,bag,ea,7.17,5.08,0.291,2550,14,V152,12,0.821,0.316,1.025,0.395
SKU001510,2315045635131,Original Beverages 984,Beverages,JuicyPeak,bag,kg,8.27,5.84,0.294,2510,7,V181,1,5.238,2.297,0.954,0.048
SKU001511,3150835866602,Value Beverages 48,Beverages,JuicyPeak,500g,ea,1.01,0.72,0.287,807,6,V687,6,2.599,0.74,1.056,0.062
SKU001512,8784943095551,Extra Beverages 80,Beverages,FizzUp,tub,kg,9.4,6.32,0.328,2716,8,V937,6,0.341,0.123,1.203,0.135
SKU001513,7551666240913,Lite Beverages 225,Beverages,FizzUp,1L,ea,1.2,0.92,0.233,3176,9,V586,48,1.996,0.897,1.038,0.003
SKU001514,3092881303281,Value Beverages 501,Beverages,FizzUp,box,kg,4.4,3.14,0.286,2513,11,V487,24,0.559,0.132,1.066,0.117
SKU001515,4714135738094,Lite Beverages 274,Beverages,BrewMasters,tub,ea,5.29,4.08,0.229,884,7,V910,48,3.188,0.893,1.081,0.043
SKU001516,7043265028942,Lite Beverages 712,Beverages,PureSip,tub,ea,5.3,4.47,0.157,3469,14,V227,6,0.592,0.267,1.188,0.245
SKU001517,4365116871308,Original Beverages 401,Beverages,BrewMasters,bag,kg,2.33,1.64,0.296,2086,11,V344,48,0.903,0.338,1.034,0.112
SKU001518,3860688134820,Family Pack Beverages 750,Beverages,BrewMasters,single,kg,7.45,5.11,0.314,1493,7,V596,48,1.945,0.968,0.834,0.216
SKU001519,4519344049570,Premium Beverages 305,Beverages,FizzUp,500g,ea,6.64,5.43,0.182,3212,9,V131,12,0.561,0.163,1.115,0.239
SKU001520,8010490191989,Classic Beverages 829,Beverages,BrewMasters,1kg,L,5.21,3.1,0.405,3388,4,V423,48,1.044,0.368,1.4,0.045
SKU001521,2039022070075,Organic Beverages 795,Beverages,FizzUp,500ml,L,0.52,0.33,0.365,2834,3,V792,6,0.377,0.143,1.195,0.384
SKU001522,2549796551927,Classic Beverages 334,Beverages,PureSip,500ml,L,2.77,1.92,0.307,3326,10,V274,6,0.58,0.248,0.852,0.116
SKU001523,5816983039920,Family Pack Beverages 31,Beverages,BrewMasters,box,ea,2.62,1.83,0.302,3234,5,V811,6,0.32,0.167,0.602,0.016
SKU001524,7565485306552,Family Pack Beverages 620,Beverages,BrewMasters,500g,L,9.92,6.39,0.356,1217,11,V907,24,0.398,0.211,1.144,0.194
SKU001525,6372692406966,Value Beverages 406,Beverages,BrewMasters,single,L,2.59,1.84,0.29,2442,14,V507,12,0.553,0.162,1.09,0.018
SKU001526,6222602045430,Classic Beverages 556,Beverages,FizzUp,bag,ea,9.66,6.92,0.284,1951,9,V304,6,2.385,1.005,0.98,0.006
SKU001527,7617821409399,Value Beverages 550,Beverages,JuicyPeak,500g,ea,9.07,7.17,0.209,805,11,V128,1,1.81,0.73,1.134,0.109
SKU001528,5160582641151,Organic Beverages 795,Beverages,PureSip,tub,kg,1.27,0.84,0.339,662,7,V247,6,1.984,1.139,1.17,0.04
SKU001529,3510708974739,Organic Beverages 311,Beverages,BrewMasters,tub,ea,3.37,2.3,0.318,1790,4,V225,6,1.591,0.821,0.737,0.089
SKU001530,6314806994320,Lite Beverages 168,Beverages,PureSip,250ml,L,9.22,5.99,0.35,2569,13,V418,12,0.524,0.244,1.137,0.038
SKU001531,7758947166304,Organic Beverages 542,Beverages,PureSip,250g,L,7.24,5.1,0.296,2969,14,V135,24,0.806,0.432,1.033,0.032
SKU001532,6477490606250,Classic Beverages 147,Beverages,JuicyPeak,250g,L,7.06,4.09,0.421,2589,4,V387,6,0.676,0.283,1.051,0.035
SKU001533,3072072975295,Lite Beverages 689,Beverages,JuicyPeak,tub,L,8.61,6.96,0.192,2950,14,V178,48,0.441,0.109,1.102,0.04
SKU001534,2046133570279,Family Pack Beverages 629,Beverages,PureSip,box,kg,3.78,3.03,0.198,1846,7,V297,12,0.321,0.1,1.155,0.029
SKU001535,5870130111098,Premium Beverages 906,Beverages,FizzUp,box,ea,6.0,3.56,0.407,2479,7,V160,6,3.232,1.633,0.959,0.124
SKU001536,7500836799469,Lite Beverages 278,Beverages,JuicyPeak,1L,L,5.55,4.47,0.195,1977,14,V508,24,0.552,0.241,1.123,0.063
SKU001537,6326794516720,Family Pack Beverages 361,Beverages,PureSip,500ml,kg,8.6,5.26,0.388,3264,14,V240,6,0.836,0.343,1.12,0.008
SKU001538,7166256338503,Original Beverages 313,Beverages,JuicyPeak,1kg,L,5.0,4.06,0.188,580,6,V741,12,2.742,0.622,1.303,0.425
SKU001539,8537291147297,Family Pack Beverages 147,Beverages,FizzUp,box,kg,9.42,7.03,0.254,3264,10,V823,48,0.745,0.282,1.106,0.28
SKU001540,2530332900867,Value Beverages 351,Beverages,JuicyPeak,500g,ea,5.44,3.51,0.355,2586,8,V324,6,0.325,0.107,0.946,0.004
SKU001541,3670358749098,Original Beverages 450,Beverages,JuicyPeak,250ml,ea,6.19,3.77,0.391,1910,7,V163,6,0.654,0.361,1.064,0.016
SKU001542,8685950944770,Classic Beverages 361,Beverages,PureSip,250ml,ea,2.85,2.04,0.284,1142,11,V446,1,0.938,0.362,1.071,0.117
SKU001543,5738039116322,Classic Beverages 481,Beverages,FizzUp,250g,kg,2.75,1.83,0.335,860,11,V732,1,0.435,0.215,1.165,0.138
SKU001544,3310604322215,Value Beverages 809,Beverages,JuicyPeak,500ml,kg,0.79,0.54,0.316,722,9,V874,6,0.631,0.136,1.042,0.172
SKU001545,8028471226518,Organic Beverages 818,Beverages,FizzUp,500ml,ea,7.52,4.26,0.434,1725,4,V321,12,2.238,0.926,1.236,0.038
SKU001546,8058889293290,Lite Beverages 580,Beverages,BrewMasters,single,kg,7.58,5.37,0.292,3629,12,V975,48,0.35,0.151,1.379,0.169
SKU001547,3679174626347,Value Beverages 224,Beverages,BrewMasters,1kg,ea,2.23,1.68,0.247,3532,5,V799,24,1.236,0.527,1.082,0.066
SKU001548,8644680116393,Lite Beverages 286,Beverages,FizzUp,single,kg,7.59,5.7,0.249,1691,3,V926,12,0.353,0.203,0.789,0.052
SKU001549,8520424305849,Classic Beverages 722,Beverages,JuicyPeak,1kg,kg,6.16,4.51,0.268,2514,4,V455,48,0.366,0.215,1.124,0.007
SKU001550,3303937052108,Original Beverages 170,Beverages,JuicyPeak,box,kg,5.13,4.12,0.197,978,11,V520,48,0.636,0.192,0.945,0.178
SKU001551,4055959139908,Premium Beverages 230,Beverages,JuicyPeak,1L,ea,2.13,1.54,0.277,1194,9,V860,48,0.341,0.185,0.892,0.217
SKU001552,5251918699392,Premium Beverages 487,Beverages,JuicyPeak,1L,kg,1.42,1.08,0.239,1721,12,V204,24,1.041,0.22,0.945,0.024
SKU001553,3621508375525,Organic Beverages 586,Beverages,FizzUp,tub,ea,7.52,4.74,0.37,2263,4,V799,12,2.551,1.435,0.859,0.067
SKU001554,6758418192608,Lite Beverages 861,Beverages,JuicyPeak,250g,L,5.08,3.5,0.311,1972,13,V316,48,2.174,0.758,0.996,0.081
SKU001555,7057302380474,Classic Beverages 100,Beverages,BrewMasters,1kg,kg,0.64,0.39,0.391,1982,4,V765,48,0.322,0.1,1.075,0.041
SKU001556,5972221437296,Premium Beverages 995,Beverages,PureSip,box,L,7.01,4.41,0.371,3507,8,V424,6,0.441,0.209,0.839,0.006
SKU001557,4309685140576,Family Pack Beverages 747,Beverages,PureSip,tub,kg,1.42,1.11,0.218,2055,13,V524,1,0.527,0.25,1.004,0.031
SKU001558,7547772528490,Classic Beverages 670,Beverages,BrewMasters,500ml,ea,4.2,3.16,0.248,407,10,V279,24,0.587,0.245,0.9,0.273
SKU001559,6258007883189,Original Beverages 313,Beverages,JuicyPeak,250ml,L,4.49,2.54,0.434,652,10,V407,12,0.385,0.17,1.018,0.325
SKU001560,7597364424025,Value Beverages 476,Beverages,BrewMasters,500g,kg,0.71,0.4,0.437,3445,4,V846,1,0.324,0.1,1.114,0.246
SKU001561,2656447203591,Premium Beverages 902,Beverages,FizzUp,single,L,3.09,2.52,0.184,1815,7,V748,1,0.325,0.119,1.05,0.084
SKU001562,4091953018638,Original Beverages 840,Beverages,JuicyPeak,tub,kg,0.81,0.6,0.259,2192,12,V165,1,0.428,0.223,0.988,0.067
SKU001563,2559488763716,Organic Beverages 850,Beverages,BrewMasters,1L,L,1.02,0.76,0.255,2851,6,V634,6,0.739,0.303,0.968,0.191
SKU001564,7701844665524,Organic Beverages 779,Beverages,BrewMasters,250g,ea,3.6,2.73,0.242,1568,10,V324,12,0.725,0.318,1.126,0.071
SKU001565,6971735319096,Premium Beverages 168,Beverages,FizzUp,250g,ea,0.63,0.44,0.302,3418,7,V137,1,0.474,0.206,0.826,0.013
SKU001566,8229903543407,Original Beverages 408,Beverages,JuicyPeak,bag,ea,5.09,4.07,0.2,1506,11,V906,6,0.856,0.42,1.028,0.087
SKU001567,8319502422120,Extra Beverages 139,Beverages,FizzUp,500ml,ea,2.37,1.77,0.253,1168,9,V603,1,0.555,0.273,1.28,0.062
SKU001568,3574806946568,Extra Beverages 685,Beverages,BrewMasters,250g,ea,2.9,1.76,0.393,1984,11,V267,12,1.967,0.759,1.012,0.123
SKU001569,7721754486995,Extra Beverages 135,Beverages,JuicyPeak,250ml,kg,2.7,1.9,0.296,2965,4,V902,48,0.655,0.342,0.994,0.03
SKU001570,2324424910883,Classic Beverages 69,Beverages,FizzUp,bag,kg,5.21,4.21,0.192,3343,9,V639,12,2.36,1.234,1.107,0.105
SKU001571,8618419769832,Premium Beverages 653,Beverages,PureSip,1L,ea,9.6,6.15,0.359,767,7,V456,12,0.438,0.251,0.689,0.098
SKU001572,7484647933065,Family Pack Beverages 196,Beverages,JuicyPeak,500g,ea,9.02,6.16,0.317,1313,8,V579,6,6.927,2.428,1.007,0.099
SKU001573,7161242029281,Extra Beverages 244,Beverages,BrewMasters,box,ea,6.94,4.76,0.314,2821,7,V966,6,0.884,0.445,1.13,0.028
SKU001574,6307034355736,Extra Beverages 649,Beverages,PureSip,tub,kg,5.24,3.95,0.246,921,6,V163,12,0.443,0.234,1.057,0.055
SKU001575,3596441325865,Extra Beverages 297,Beverages,BrewMasters,250ml,L,0.66,0.47,0.288,552,13,V961,6,0.639,0.161,0.935,0.011
SKU001576,2928254919753,Original Beverages 114,Beverages,BrewMasters,250ml,ea,0.53,0.44,0.17,1525,6,V362,6,1.086,0.293,1.061,0.128
SKU001577,5789922457440,Classic Beverages 325,Beverages,FizzUp,1kg,kg,9.1,7.53,0.173,2055,10,V197,48,0.335,0.104,1.022,0.058
SKU001578,8805100950539,Classic Beverages 248,Beverages,BrewMasters,box,L,0.89,0.49,0.449,957,8,V980,24,9.364,2.659,1.065,0.119
SKU001579,7578483511205,Premium Beverages 631,Beverages,JuicyPeak,500ml,ea,2.25,1.45,0.356,1535,10,V925,1,0.566,0.249,0.936,0.033
SKU001580,5908795862467,Premium Beverages 704,Beverages,PureSip,tub,kg,4.28,3.22,0.248,3623,3,V165,24,0.545,0.219,1.193,0.082
SKU001581,7642511980748,Original Beverages 622,Beverages,BrewMasters,box,kg,5.65,3.74,0.338,1128,9,V531,1,0.706,0.31,1.145,0.083
SKU001582,7199614410278,Family Pack Beverages 163,Beverages,BrewMasters,tub,ea,1.4,0.95,0.321,2643,4,V558,24,0.473,0.104,0.942,0.082
SKU001583,5488451688854,Original Beverages 877,Beverages,FizzUp,500g,L,1.22,0.71,0.418,3144,5,V593,1,0.959,0.449,1.078,0.023
SKU001584,8119972524951,Premium Beverages 499,Beverages,FizzUp,500ml,kg,9.98,5.74,0.425,1164,8,V875,6,0.72,0.387,1.162,0.065
SKU001585,3145285398868,Value Beverages 94,Beverages,JuicyPeak,tub,kg,6.73,4.12,0.388,1554,4,V486,24,1.442,0.689,0.908,0.1
SKU001586,5987954728929,Premium Beverages 904,Beverages,FizzUp,500g,kg,5.24,3.99,0.239,3088,8,V856,6,0.791,0.333,1.046,0.002
SKU001587,4944864933525,Classic Beverages 249,Beverages,PureSip,500g,ea,8.63,4.93,0.429,530,8,V716,6,0.373,0.1,1.225,0.101
SKU001588,2203379480494,Lite Beverages 612,Beverages,FizzUp,250g,kg,6.11,4.95,0.19,1205,14,V842,12,0.478,0.108,1.328,0.03
SKU001589,7017705676474,Extra Beverages 855,Beverages,JuicyPeak,tub,ea,8.4,6.32,0.248,471,13,V840,1,1.245,0.389,1.155,0.083
SKU001590,4113717642303,Family Pack Beverages 204,Beverages,JuicyPeak,box,kg,6.12,4.99,0.185,1901,5,V607,48,0.353,0.208,1.084,0.086
SKU001591,5119764978859,Extra Beverages 464,Beverages,PureSip,250g,L,1.75,1.07,0.389,962,6,V608,24,1.408,0.386,0.928,0.018
SKU001592,5599492946479,Family Pack Beverages 474,Beverages,PureSip,1kg,kg,6.84,4.48,0.345,2237,9,V240,12,404.383,158.099,1.147,0.074
SKU001593,4082847459382,Premium Beverages 320,Beverages,BrewMasters,tub,kg,7.38,4.83,0.346,2263,13,V974,24,1.445,0.521,1.148,0.226
SKU001594,5769853559035,Classic Beverages 145,Beverages,PureSip,box,kg,2.47,1.52,0.385,2914,13,V342,12,0.327,0.1,0.927,0.046
SKU001595,8433559709770,Family Pack Beverages 949,Beverages,PureSip,1L,ea,9.86,6.95,0.295,2416,5,V782,48,0.375,0.179,0.941,0.246
SKU001596,6736322184699,Family Pack Beverages 460,Beverages,JuicyPeak,250ml,ea,9.86,6.98,0.292,1811,9,V809,24,0.44,0.218,1.125,0.043
SKU001597,8977938493244,Classic Beverages 802,Beverages,JuicyPeak,1L,L,6.46,4.27,0.339,3035,12,V755,24,0.743,0.174,0.944,0.008
SKU001598,2165987479850,Original Beverages 867,Beverages,JuicyPeak,tub,L,9.72,7.07,0.273,3326,5,V580,6,1.896,0.773,0.914,0.036
SKU001599,4116331180508,Lite Beverages 544,Beverages,JuicyPeak,1L,kg,2.1,1.37,0.348,2346,3,V395,48,1.399,0.597,0.966,0.019
SKU001600,7718014963394,Original Beverages 431,Beverages,BrewMasters,250g,kg,9.84,8.3,0.157,1215,12,V337,48,0.425,0.167,0.973,0.014
SKU001601,5341463906355,Value Personal 464,Personal care,CarePlus,500ml,ea,19.94,15.67,0.214,671,9,V444,12,1.061,0.26,1.209,0.031
SKU001602,5254712348649,Extra Personal 848,Personal care,GroomCo,250g,L,17.83,11.36,0.363,1490,6,V439,12,0.978,0.223,1.287,0.033
SKU001603,3306866604787,Classic Personal 771,Personal care,SkinNest,1kg,L,1.58,1.19,0.247,2324,5,V361,12,0.629,0.273,0.627,0.248
SKU001604,2414667117861,Organic Personal 332,Personal care,FreshFeel,box,kg,17.0,12.17,0.284,2799,7,V111,24,0.57,0.124,1.29,0.049
SKU001605,2327996085642,Lite Personal 368,Personal care,GroomCo,1L,L,15.12,8.75,0.421,1996,8,V161,6,1.744,0.664,0.709,0.387
SKU001606,4164741220555,Original Personal 716,Personal care,SkinNest,500g,kg,6.4,5.24,0.181,2268,13,V977,48,0.406,0.225,0.925,0.336
SKU001607,4436334053320,Family Pack Personal 978,Personal care,FreshFeel,250g,kg,3.49,2.43,0.304,998,11,V762,24,5.094,2.298,1.218,0.028
SKU001608,4161411371973,Organic Personal 43,Personal care,GroomCo,250ml,L,1.55,1.22,0.213,3620,14,V769,24,1.691,0.575,1.062,0.122
SKU001609,3179267657842,Value Personal 739,Personal care,FreshFeel,250ml,L,8.26,4.82,0.416,2343,6,V742,6,0.341,0.13,1.049,0.016
SKU001610,2300595991005,Premium Personal 514,Personal care,FreshFeel,500ml,kg,17.81,14.35,0.194,2069,9,V688,6,0.55,0.32,0.964,0.214
SKU001611,7362218977809,Extra Personal 763,Personal care,FreshFeel,500ml,ea,1.16,0.84,0.276,2802,9,V633,1,0.325,0.105,0.838,0.012
SKU001612,7456814511213,Premium Personal 88,Personal care,FreshFeel,box,ea,12.4,10.46,0.156,2982,7,V743,48,0.327,0.1,1.185,0.159
SKU001613,7999409692273,Lite Personal 711,Personal care,FreshFeel,250g,L,7.76,6.29,0.189,1167,13,V629,24,2.949,1.004,0.883,0.114
SKU001614,5388588243322,Classic Personal 234,Personal care,SkinNest,250g,L,7.83,6.49,0.171,2394,7,V494,12,1.956,1.077,0.652,0.111
SKU001615,3098089991737,Family Pack Personal 88,Personal care,GroomCo,250ml,kg,7.68,4.73,0.384,1006,6,V305,12,0.513,0.198,1.127,0.217
SKU001616,7632831394480,Original Personal 976,Personal care,CarePlus,1L,ea,3.81,2.41,0.367,3126,5,V347,24,0.519,0.254,1.305,0.051
SKU001617,2695106548852,Value Personal 906,Personal care,CarePlus,1kg,L,11.74,8.71,0.258,1815,10,V461,24,2.377,1.194,0.91,0.035
SKU001618,3704424408885,Value Personal 668,Personal care,GroomCo,box,L,14.07,8.48,0.397,1190,8,V791,6,0.711,0.144,0.9,0.007
SKU001619,5987935269623,Organic Personal 510,Personal care,SkinNest,box,L,1.6,1.27,0.206,2983,14,V537,12,0.577,0.161,0.951,0.1
SKU001620,6414530582269,Lite Personal 768,Personal care,GroomCo,1kg,ea,8.28,5.27,0.364,2028,14,V879,1,0.521,0.163,0.8,0.078
SKU001621,4096260960160,Value Personal 746,Personal care,GroomCo,250g,L,12.83,8.73,0.32,2438,14,V708,1,230.547,48.019,1.074,0.011
SKU001622,8521794798388,Classic Personal 244,Personal care,CarePlus,1kg,ea,11.33,8.03,0.291,2509,9,V199,12,0.575,0.34,1.212,0.008
SKU001623,3257388170105,Lite Personal 959,Personal care,CarePlus,1kg,ea,4.77,3.04,0.363,1600,7,V992,48,0.534,0.296,0.994,0.053
SKU001624,8887071189332,Organic Personal 105,Personal care,GroomCo,single,ea,19.61,14.6,0.255,1062,14,V738,48,0.494,0.206,1.033,0.29
SKU001625,2169778928221,Lite Personal 436,Personal care,GroomCo,250ml,L,17.32,10.75,0.379,1865,8,V534,48,0.371,0.182,1.042,0.044
SKU001626,6170372215392,Original Personal 770,Personal care,GroomCo,1L,L,12.97,9.68,0.254,2199,11,V512,1,0.342,0.16,1.141,0.205
SKU001627,7133685160510,Extra Personal 836,Personal care,GroomCo,1L,L,9.72,7.97,0.18,783,14,V719,48,1.247,0.363,0.976,0.197
SKU001628,4231348099047,Lite Personal 608,Personal care,FreshFeel,box,L,3.45,1.94,0.438,1034,12,V125,24,0.491,0.255,1.095,0.279
SKU001629,3407556257458,Classic Personal 670,Personal care,SkinNest,1L,ea,16.8,9.79,0.417,2059,8,V894,1,0.515,0.286,1.088,0.0
SKU001630,8194526110552,Classic Personal 920,Personal care,CarePlus,1L,kg,12.51,9.27,0.259,2678,7,V543,1,0.4,0.187,1.106,0.034
SKU001631,7617166098876,Original Personal 691,Personal care,FreshFeel,500g,ea,3.33,2.47,0.258,932,9,V132,6,0.379,0.155,0.981,0.048
SKU001632,7504527868565,Value Personal 175,Personal care,GroomCo,500g,ea,7.8,6.48,0.169,1111,7,V218,6,0.586,0.251,1.162,0.07
SKU001633,8972709919981,Extra Personal 834,Personal care,GroomCo,1kg,ea,3.3,2.76,0.164,931,5,V979,12,0.546,0.307,1.052,0.086
SKU001634,3062927021584,Classic Personal 673,Personal care,CarePlus,500g,L,12.2,7.36,0.397,3496,8,V563,48,1.175,0.692,0.96,0.236
SKU001635,6179847695330,Original Personal 242,Personal care,CarePlus,single,L,9.78,6.11,0.375,2006,6,V337,1,0.505,0.172,0.891,0.132
SKU001636,6673368084840,Premium Personal 575,Personal care,CarePlus,box,ea,3.46,2.3,0.335,3528,12,V669,48,4.052,1.969,1.177,0.236
SKU001637,5186727394870,Family Pack Personal 619,Personal care,CarePlus,single,L,18.64,14.68,0.212,2522,9,V696,24,0.825,0.256,0.976,0.036
SKU001638,7283200196464,Premium Personal 317,Personal care,CarePlus,single,kg,1.22,0.88,0.279,3342,10,V795,24,13.958,3.836,1.061,0.082
SKU001639,5728213173978,Premium Personal 298,Personal care,GroomCo,bag,kg,12.89,10.34,0.198,3570,11,V527,1,4.828,2.817,1.142,0.017
SKU001640,8176727064653,Premium Personal 650,Personal care,SkinNest,bag,ea,4.3,2.78,0.353,1310,8,V181,1,0.8,0.364,1.183,0.009
SKU001641,7083131234449,Premium Personal 48,Personal care,FreshFeel,box,L,15.11,9.56,0.367,3330,14,V433,24,0.42,0.117,0.933,0.076
SKU001642,6459451155078,Lite Personal 912,Personal care,FreshFeel,250g,ea,5.96,3.55,0.404,1436,9,V619,48,0.769,0.225,1.112,0.194
SKU001643,2373331896204,Premium Personal 113,Personal care,CarePlus,tub,L,14.29,8.99,0.371,2910,12,V763,6,0.518,0.202,1.145,0.079
SKU001644,5119599328563,Extra Personal 411,Personal care,CarePlus,250g,ea,13.73,8.04,0.414,626,6,V951,48,1.226,0.691,1.28,0.38
SKU001645,3969579082523,Original Personal 705,Personal care,GroomCo,500ml,ea,8.46,4.79,0.434,910,7,V219,6,0.603,0.149,1.293,0.018
SKU001646,5042034966674,Extra Personal 769,Personal care,SkinNest,250ml,kg,2.46,1.43,0.419,1024,5,V510,24,0.318,0.187,0.868,0.15
SKU001647,4438813989575,Family Pack Personal 531,Personal care,SkinNest,1L,kg,10.19,8.33,0.183,1592,7,V518,24,4.675,1.616,1.073,0.013
SKU001648,7556178833540,Classic Personal 800,Personal care,FreshFeel,tub,L,9.48,6.16,0.35,1033,6,V712,24,1.126,0.436,0.935,0.062
SKU001649,6922189414714,Original Personal 221,Personal care,FreshFeel,250ml,ea,2.78,2.29,0.176,1345,12,V156,6,0.508,0.304,1.069,0.19
SKU001650,2611949944695,Lite Personal 921,Personal care,GroomCo,500g,kg,6.02,4.7,0.219,3283,12,V315,24,0.387,0.21,0.874,0.045
SKU001651,8047184636313,Extra Personal 800,Personal care,CarePlus,500ml,ea,19.61,15.1,0.23,1139,5,V348,24,0.348,0.145,0.754,0.165
SKU001652,7466076335089,Classic Personal 992,Personal care,FreshFeel,500ml,kg,10.4,7.84,0.246,825,12,V658,48,0.323,0.167,0.965,0.067
SKU001653,2276719810858,Extra Personal 191,Personal care,SkinNest,single,ea,5.37,2.96,0.449,2879,8,V602,24,4.169,1.449,1.092,0.102
SKU001654,2606862986896,Classic Personal 76,Personal care,CarePlus,500g,kg,5.23,3.54,0.323,1779,7,V581,24,23.408,12.593,0.77,0.029
SKU001655,5123808757207,Extra Personal 290,Personal care,SkinNest,250g,kg,10.15,7.95,0.217,3314,8,V187,1,0.772,0.326,0.928,0.074
SKU001656,6903865612435,Organic Personal 266,Personal care,SkinNest,250ml,ea,4.07,2.46,0.396,2100,12,V239,6,0.58,0.126,0.763,0.044
SKU001657,5838747757383,Lite Personal 867,Personal care,GroomCo,500g,kg,2.54,1.44,0.433,429,12,V454,1,0.756,0.375,1.245,0.048
SKU001658,5195830250791,Value Personal 703,Personal care,GroomCo,500ml,L,11.6,7.46,0.357,1616,13,V709,1,1.12,0.361,0.697,0.072
SKU001659,6547563958696,Value Personal 804,Personal care,GroomCo,single,kg,15.06,8.91,0.408,2171,14,V380,48,0.63,0.162,1.163,0.018
SKU001660,8113525110349,Family Pack Personal 35,Personal care,GroomCo,1L,kg,13.08,10.29,0.213,588,8,V908,6,0.369,0.167,1.104,0.154
SKU001661,4167779890793,Value Personal 629,Personal care,CarePlus,bag,L,13.37,9.41,0.296,1109,11,V171,1,0.564,0.201,0.931,0.081
SKU001662,8462585958087,Classic Personal 316,Personal care,GroomCo,tub,ea,7.65,5.47,0.285,1694,13,V900,1,0.364,0.163,0.639,0.015
SKU001663,3661932921260,Value Personal 79,Personal care,SkinNest,1kg,ea,8.17,5.34,0.346,3225,9,V669,48,0.748,0.321,1.214,0.19
SKU001664,7980428014435,Extra Personal 641,Personal care,SkinNest,box,kg,4.72,3.56,0.246,1414,14,V320,24,0.539,0.142,0.847,0.043
SKU001665,4428211161861,Value Personal 692,Personal care,CarePlus,single,L,2.8,2.26,0.193,869,7,V584,48,0.482,0.25,0.91,0.0
SKU001666,5779001279332,Family Pack Personal 166,Personal care,FreshFeel,250ml,L,11.94,9.84,0.176,1048,5,V964,1,0.92,0.316,1.07,0.235
SKU001667,6784789904047,Classic Personal 454,Personal care,FreshFeel,bag,ea,3.41,2.27,0.334,1291,8,V327,1,0.852,0.176,1.018,0.008
SKU001668,4027456219882,Premium Personal 97,Personal care,FreshFeel,250g,L,9.32,6.16,0.339,2987,10,V393,48,0.351,0.1,0.989,0.123
SKU001669,8270284180188,Value Personal 534,Personal care,FreshFeel,box,ea,17.51,13.18,0.247,2721,7,V697,24,0.689,0.274,1.199,0.089
SKU001670,3641913982583,Extra Personal 658,Personal care,FreshFeel,1kg,ea,9.52,7.98,0.162,1072,7,V197,6,68.853,38.065,1.218,0.064
SKU001671,3301409477116,Premium Personal 142,Personal care,FreshFeel,1kg,L,19.9,15.51,0.221,3544,9,V856,1,0.543,0.111,1.02,0.054
SKU001672,5845478381439,Family Pack Personal 701,Personal care,SkinNest,single,ea,3.83,2.72,0.29,1115,6,V101,6,2.9,0.637,0.748,0.079
SKU001673,3277963309575,Lite Personal 293,Personal care,CarePlus,bag,ea,8.08,6.47,0.199,3049,9,V902,48,0.729,0.257,0.628,0.182
SKU001674,7222155582892,Original Personal 828,Personal care,SkinNest,250g,ea,9.28,5.82,0.373,1073,6,V619,1,2.479,1.261,0.974,0.007
SKU001675,8219268179859,Organic Personal 795,Personal care,GroomCo,500g,L,1.44,0.85,0.41,1380,11,V180,1,0.335,0.167,1.069,0.098
SKU001676,5609390907766,Original Personal 659,Personal care,GroomCo,tub,L,2.67,1.92,0.281,2476,10,V317,24,3.7,1.731,0.979,0.155
SKU001677,6246396301568,Organic Personal 65,Personal care,GroomCo,bag,kg,19.47,15.93,0.182,1736,7,V154,12,1.629,0.937,1.068,0.028
SKU001678,4062560276693,Original Personal 830,Personal care,GroomCo,1L,kg,11.92,8.89,0.254,2602,7,V632,24,0.326,0.1,1.166,0.1
SKU001679,2843991360044,Original Personal 473,Personal care,SkinNest,single,L,16.48,11.84,0.282,2509,9,V419,48,0.32,0.166,1.199,0.146
SKU001680,2302516613248,Lite Personal 28,Personal care,SkinNest,1L,kg,7.98,6.76,0.153,2571,10,V422,48,0.43,0.206,1.091,0.059
SKU001681,3501577585125,Original Personal 687,Personal care,GroomCo,250g,L,15.09,12.73,0.156,1541,12,V493,1,0.778,0.393,0.848,0.284
SKU001682,6806443901836,Organic Personal 585,Personal care,GroomCo,500g,L,11.49,8.8,0.234,2756,9,V326,6,18.313,7.935,0.865,0.432
SKU001683,4536194606399,Classic Personal 35,Personal care,SkinNest,single,L,14.21,8.94,0.371,1887,12,V621,1,0.323,0.1,0.911,0.216
SKU001684,7209201110615,Family Pack Personal 68,Personal care,SkinNest,box,ea,14.69,12.23,0.167,2080,5,V352,6,5.592,1.53,0.979,0.025
SKU001685,6324682474055,Classic Personal 763,Personal care,SkinNest,single,kg,1.86,1.4,0.247,429,8,V373,12,0.75,0.375,0.935,0.178
SKU001686,5347936186185,Family Pack Personal 369,Personal care,GroomCo,tub,ea,16.24,12.33,0.241,2639,8,V877,24,0.461,0.204,0.672,0.102
SKU001687,3763875322659,Lite Personal 181,Personal care,GroomCo,500ml,kg,15.58,11.25,0.278,1867,8,V500,48,0.409,0.138,1.119,0.026
SKU001688,5575916456016,Value Personal 961,Personal care,FreshFeel,bag,ea,6.35,3.82,0.398,1718,13,V700,1,0.668,0.202,1.125,0.103
SKU001689,5354085813100,Organic Personal 67,Personal care,GroomCo,box,L,16.11,9.87,0.387,630,5,V515,24,0.893,0.363,1.057,0.2
SKU001690,8629081563161,Organic Personal 595,Personal care,SkinNest,500g,L,1.84,1.33,0.277,1721,10,V657,6,0.742,0.331,1.107,0.12
SKU001691,5779762478442,Value Personal 368,Personal care,FreshFeel,250g,ea,16.75,9.85,0.412,1898,12,V392,6,1.735,1.001,1.129,0.207
SKU001692,7152966412288,Lite Personal 801,Personal care,GroomCo,250ml,kg,16.91,14.24,0.158,1645,13,V245,12,1.402,0.378,1.121,0.04
SKU001693,6758045765942,Organic Personal 945,Personal care,CarePlus,bag,kg,16.46,9.36,0.431,2371,13,V288,48,0.452,0.153,1.088,0.115
SKU001694,7577331803673,Classic Personal 567,Personal care,CarePlus,box,kg,13.84,8.0,0.422,718,5,V238,48,0.469,0.265,0.928,0.026
SKU001695,7797224488053,Organic Personal 990,Personal care,SkinNest,500ml,kg,17.54,13.18,0.249,2356,10,V956,48,0.609,0.281,0.865,0.152
SKU001696,8850503568715,Lite Personal 566,Personal care,SkinNest,1L,ea,17.37,14.19,0.183,626,9,V832,48,0.337,0.1,0.892,0.02
SKU001697,7045770495542,Original Personal 351,Personal care,GroomCo,single,ea,1.71,0.96,0.439,2173,13,V588,12,11.228,4.406,1.122,0.067
SKU001698,2918750308636,Classic Personal 807,Personal care,FreshFeel,tub,kg,8.44,5.79,0.314,3288,11,V761,6,0.905,0.389,1.064,0.077
SKU001699,6174102001512,Lite Personal 97,Personal care,CarePlus,tub,kg,6.66,3.95,0.407,2357,12,V699,12,0.34,0.112,1.136,0.013
SKU001700,5017513759817,Extra Personal 965,Personal care,CarePlus,1L,kg,14.69,11.93,0.188,1271,9,V966,1,2.937,0.988,0.967,0.169
SKU001701,8034165039660,Family Pack Personal 230,Personal care,SkinNest,250g,L,6.48,4.15,0.36,3304,9,V444,24,1.219,0.323,1.114,0.109
SKU001702,3141861347531,Organic Personal 129,Personal care,GroomCo,500ml,kg,8.0,5.47,0.316,1992,8,V701,24,0.674,0.341,1.076,0.036
SKU001703,2885465165354,Value Personal 129,Personal care,FreshFeel,1kg,kg,15.06,10.8,0.283,3478,9,V420,24,0.453,0.265,1.009,0.089
SKU001704,4071410876862,Premium Personal 76,Personal care,SkinNest,1kg,ea,5.24,3.32,0.366,781,7,V781,48,0.732,0.42,1.113,0.049
SKU001705,7444699802342,Value Personal 984,Personal care,FreshFeel,500g,kg,9.25,7.82,0.155,3579,10,V831,48,1.195,0.371,1.064,0.217
SKU001706,8534731682307,Original Personal 519,Personal care,GroomCo,1L,ea,17.18,12.43,0.276,2177,10,V888,6,0.432,0.199,1.012,0.166
SKU001707,2050451652505,Extra Personal 957,Personal care,CarePlus,box,ea,12.82,8.51,0.336,2480,6,V835,48,32.121,9.565,0.896,0.007
SKU001708,5238788495640,Extra Personal 491,Personal care,CarePlus,bag,kg,2.73,2.05,0.249,1313,14,V131,1,0.341,0.107,1.198,0.211
SKU001709,2319830881425,Lite Personal 207,Personal care,FreshFeel,500g,ea,13.08,8.95,0.316,2079,13,V762,48,1.213,0.378,0.807,0.325
SKU001710,7696707070591,Original Personal 433,Personal care,GroomCo,tub,ea,4.9,3.88,0.208,1768,8,V723,48,0.692,0.404,1.202,0.011
SKU001711,4667077036892,Lite Personal 540,Personal care,GroomCo,250g,L,11.74,7.83,0.333,2753,6,V294,24,0.345,0.118,1.134,0.039
SKU001712,7816115511149,Value Personal 347,Personal care,FreshFeel,500ml,kg,11.79,9.4,0.203,1042,9,V220,12,0.975,0.553,1.179,0.007
SKU001713,6819170752242,Family Pack Personal 748,Personal care,GroomCo,tub,kg,16.31,9.44,0.421,2892,7,V437,12,0.435,0.22,1.062,0.137
SKU001714,4917476661977,Lite Personal 597,Personal care,CarePlus,bag,ea,19.92,15.02,0.246,3301,11,V950,6,0.443,0.218,1.234,0.014
SKU001715,6548589262978,Organic Personal 691,Personal care,GroomCo,250g,kg,6.12,4.15,0.322,1159,9,V563,6,0.701,0.411,0.744,0.3
SKU001716,4874361133563,Organic Personal 520,Personal care,FreshFeel,1kg,kg,8.76,6.86,0.217,3096,12,V642,24,0.368,0.179,0.648,0.095
SKU001717,8118108599655,Organic Personal 157,Personal care,SkinNest,tub,kg,1.6,1.29,0.194,1500,14,V843,48,0.57,0.334,1.009,0.194
SKU001718,3440508552570,Lite Personal 937,Personal care,FreshFeel,single,kg,9.11,6.65,0.27,2243,9,V682,24,0.77,0.34,1.328,0.097
SKU001719,7488080379651,Organic Personal 430,Personal care,SkinNest,tub,ea,9.43,5.23,0.445,1804,12,V300,24,0.43,0.18,0.931,0.172
SKU001720,4917054725476,Lite Personal 763,Personal care,GroomCo,bag,L,5.45,3.45,0.367,2017,5,V120,48,0.4,0.169,1.191,0.009
SKU001721,2351618965552,Lite Personal 380,Personal care,SkinNest,tub,ea,8.05,4.44,0.448,2271,12,V768,48,1.006,0.441,0.902,0.051
SKU001722,4825246443975,Family Pack Personal 622,Personal care,GroomCo,250g,kg,19.03,13.17,0.308,2956,8,V502,6,1.011,0.245,0.945,0.016
SKU001723,3627102200628,Original Personal 294,Personal care,GroomCo,tub,kg,2.47,1.63,0.34,2187,14,V663,48,0.977,0.504,0.975,0.139
SKU001724,8371731339462,Value Personal 106,Personal care,CarePlus,bag,L,15.71,12.19,0.224,3008,6,V325,24,6.625,2.565,1.061,0.221
SKU001725,2572172352720,Lite Personal 159,Personal care,GroomCo,500g,kg,3.67,2.77,0.245,1486,13,V549,1,0.462,0.149,1.032,0.516
SKU001726,2274516545074,Original Personal 19,Personal care,GroomCo,box,L,11.81,8.57,0.274,1716,9,V793,24,2.133,0.529,1.206,0.202
SKU001727,8361437074152,Value Personal 112,Personal care,CarePlus,250g,ea,10.82,6.13,0.433,2305,11,V589,48,45.182,10.415,1.085,0.156
SKU001728,3911211183526,Extra Personal 304,Personal care,FreshFeel,1L,L,1.9,1.16,0.389,2327,13,V262,6,0.623,0.373,1.104,0.038
SKU001729,3215332987835,Classic Personal 1,Personal care,SkinNest,single,L,10.32,6.0,0.419,1353,9,V805,24,0.739,0.284,0.938,0.158
SKU001730,8369055563761,Value Personal 274,Personal care,SkinNest,500g,kg,3.32,2.78,0.163,1857,9,V187,12,1.8,0.598,1.175,0.048
SKU001731,6436088693404,Family Pack Personal 514,Personal care,FreshFeel,500g,kg,3.14,1.74,0.446,1056,8,V832,24,4.241,2.158,0.81,0.2
SKU001732,7195825422824,Family Pack Personal 836,Personal care,SkinNest,tub,ea,8.66,5.23,0.396,1813,14,V532,48,0.371,0.158,0.963,0.119
SKU001733,6529479586830,Premium Personal 127,Personal care,CarePlus,1L,kg,8.55,6.12,0.284,3496,8,V911,24,2.321,0.712,0.956,0.041
SKU001734,3332682175533,Original Personal 42,Personal care,SkinNest,1L,kg,19.56,15.89,0.188,1655,7,V644,6,12.452,6.07,0.83,0.088
SKU001735,8403366440348,Family Pack Personal 405,Personal care,FreshFeel,1L,L,19.88,13.6,0.316,898,11,V628,6,1.337,0.37,1.055,0.037
SKU001736,4995671392188,Extra Personal 258,Personal care,GroomCo,500g,kg,7.89,4.7,0.404,678,13,V201,48,0.673,0.254,0.873,0.167
SKU001737,5082958501808,Original Personal 815,Personal care,CarePlus,1L,ea,13.92,8.07,0.42,3266,5,V556,48,1.666,0.352,0.92,0.116
SKU001738,6788247714292,Original Personal 988,Personal care,SkinNest,tub,ea,15.3,8.54,0.442,423,8,V942,24,0.727,0.257,0.781,0.017
SKU001739,4417877921540,Original Personal 516,Personal care,GroomCo,250ml,kg,14.72,8.75,0.406,1856,9,V773,6,0.459,0.112,1.073,0.112
SKU001740,4966330325807,Family Pack Personal 346,Personal care,FreshFeel,tub,kg,1.75,1.11,0.366,3058,5,V242,1,1.111,0.544,0.676,0.053
SKU001741,5906545268211,Extra Personal 718,Personal care,SkinNest,box,kg,7.16,4.32,0.397,2811,5,V351,24,6.402,2.668,0.979,0.269
SKU001742,6790434476770,Organic Personal 513,Personal care,FreshFeel,single,ea,3.91,2.92,0.253,3376,7,V359,24,0.493,0.124,0.925,0.033
SKU001743,2524677518758,Premium Personal 642,Personal care,SkinNest,box,L,5.76,4.88,0.153,2553,14,V413,1,0.404,0.224,0.949,0.024
SKU001744,4747099524887,Extra Personal 174,Personal care,CarePlus,250ml,kg,12.49,8.23,0.341,1957,12,V360,12,0.382,0.183,1.114,0.038
SKU001745,6773991402983,Family Pack Personal 748,Personal care,GroomCo,1L,L,4.21,3.49,0.171,584,6,V270,48,0.335,0.179,0.847,0.036
SKU001746,8682689509671,Classic Personal 374,Personal care,GroomCo,250g,L,12.69,9.89,0.221,2678,11,V638,6,1.034,0.267,0.78,0.073
SKU001747,4296388646219,Organic Personal 115,Personal care,GroomCo,box,kg,11.05,8.38,0.242,3445,9,V118,24,0.685,0.189,1.087,0.09
SKU001748,4130045122880,Premium Personal 861,Personal care,SkinNest,500g,L,11.62,8.92,0.232,3082,14,V284,24,3.307,1.871,1.124,0.143
SKU001749,8699207982236,Value Personal 131,Personal care,GroomCo,single,L,9.82,7.41,0.245,2774,12,V887,1,2.41,1.069,1.086,0.159
SKU001750,4395719571965,Classic Personal 400,Personal care,SkinNest,250g,kg,18.76,13.33,0.289,2127,13,V630,48,0.379,0.1,0.834,0.286
SKU001751,6691433052980,Original Personal 543,Personal care,CarePlus,tub,L,18.74,14.61,0.22,2429,10,V934,48,0.64,0.287,0.879,0.242
SKU001752,5609443025269,Classic Personal 621,Personal care,SkinNest,box,ea,15.15,12.14,0.199,852,8,V759,6,0.951,0.276,1.09,0.136
SKU001753,8781703921834,Premium Personal 914,Personal care,GroomCo,single,L,15.49,12.13,0.217,1134,8,V635,12,0.992,0.479,1.005,0.059
SKU001754,3928304696247,Extra Personal 478,Personal care,SkinNest,single,kg,3.43,2.06,0.399,3009,9,V443,6,0.553,0.181,0.983,0.012
SKU001755,5254009272863,Lite Personal 723,Personal care,SkinNest,500ml,ea,18.46,13.27,0.281,942,7,V832,6,0.51,0.168,1.003,0.026
SKU001756,6400152076002,Extra Personal 980,Personal care,GroomCo,250ml,ea,19.32,11.9,0.384,1739,12,V294,24,1.717,0.495,0.879,0.047
SKU001757,4242422499394,Value Personal 721,Personal care,GroomCo,1kg,ea,12.33,7.02,0.431,1905,11,V609,24,0.517,0.282,1.043,0.102
SKU001758,5420509869354,Lite Personal 942,Personal care,SkinNest,box,L,5.66,4.81,0.15,488,8,V790,12,1.515,0.438,1.065,0.083
SKU001759,8275391118451,Extra Personal 229,Personal care,SkinNest,single,kg,13.34,9.93,0.256,1791,7,V810,6,0.934,0.487,1.124,0.189
SKU001760,4150333810483,Original Personal 331,Personal care,FreshFeel,1kg,kg,3.41,2.8,0.179,3332,14,V503,6,1.579,0.83,1.326,0.03
SKU001761,4623407126263,Extra Personal 621,Personal care,FreshFeel,250g,kg,16.97,12.6,0.258,1151,8,V816,12,0.837,0.418,0.997,0.002
SKU001762,5039813857377,Premium Personal 225,Personal care,SkinNest,500ml,L,8.5,4.86,0.428,2047,8,V705,24,0.841,0.464,0.9,0.083
SKU001763,2564362692465,Extra Personal 249,Personal care,GroomCo,250ml,ea,13.76,7.74,0.438,3462,8,V950,6,1.739,0.838,1.037,0.023
SKU001764,5735808332175,Organic Personal 418,Personal care,FreshFeel,tub,ea,18.73,12.55,0.33,1245,8,V970,6,2.147,0.578,0.911,0.013
SKU001765,7914160472255,Classic Personal 77,Personal care,SkinNest,tub,ea,6.39,4.85,0.241,2855,6,V344,1,0.721,0.144,1.183,0.111
SKU001766,3818967274273,Extra Personal 682,Personal care,SkinNest,500ml,L,11.89,7.51,0.368,1551,7,V268,24,47.554,21.0,0.959,0.131
SKU001767,6982135101730,Family Pack Personal 786,Personal care,GroomCo,box,L,15.23,12.03,0.21,1902,11,V318,12,0.897,0.258,1.032,0.003
SKU001768,2295669440443,Organic Personal 210,Personal care,CarePlus,single,L,9.93,5.56,0.44,2752,8,V630,24,2.181,0.637,0.992,0.466
SKU001769,8519335882611,Premium Personal 980,Personal care,CarePlus,500ml,L,4.27,3.22,0.246,1129,6,V846,6,1.587,0.397,0.838,0.041
SKU001770,3860842174726,Family Pack Personal 880,Personal care,FreshFeel,tub,kg,4.48,3.68,0.179,1565,9,V728,12,0.613,0.36,0.901,0.233
SKU001771,5191766011273,Premium Personal 583,Personal care,GroomCo,250ml,kg,19.25,10.85,0.436,3158,13,V700,48,1.73,0.507,1.127,0.017
SKU001772,3128675524045,Premium Personal 877,Personal care,CarePlus,250g,kg,7.95,4.42,0.444,2497,11,V405,1,56.341,27.522,1.005,0.013
SKU001773,2229136224444,Lite Personal 364,Personal care,SkinNest,250ml,ea,11.86,7.22,0.391,976,12,V719,12,0.496,0.256,1.146,0.012
SKU001774,3739808694494,Value Personal 793,Personal care,CarePlus,tub,L,7.86,5.38,0.316,2083,8,V706,24,0.375,0.1,0.934,0.263
SKU001775,2477238166429,Extra Personal 155,Personal care,FreshFeel,250g,kg,16.98,9.47,0.442,1271,14,V399,1,0.317,0.111,0.813,0.125
SKU001776,6211438307043,Organic Personal 64,Personal care,GroomCo,500ml,ea,9.64,6.74,0.301,522,12,V960,6,1.031,0.402,0.738,0.086
SKU001777,3138307796129,Classic Personal 38,Personal care,SkinNest,250ml,L,2.96,2.33,0.213,842,12,V924,6,0.946,0.398,0.929,0.025
SKU001778,8910981731354,Value Personal 497,Personal care,SkinNest,bag,L,18.49,11.01,0.405,1231,12,V784,48,0.617,0.262,1.054,0.081
SKU001779,7878429095070,Premium Personal 677,Personal care,FreshFeel,250ml,L,3.6,2.53,0.297,525,14,V115,12,1.269,0.727,0.919,0.06
SKU001780,5285539353143,Family Pack Personal 607,Personal care,SkinNest,bag,L,12.11,7.58,0.374,2127,8,V327,48,0.489,0.21,1.024,0.025
SKU001781,4048969688176,Lite Personal 615,Personal care,FreshFeel,bag,kg,16.07,10.23,0.363,1497,6,V596,12,4.368,1.886,1.104,0.2
SKU001782,3127277835366,Original Personal 910,Personal care,CarePlus,1L,ea,12.22,9.44,0.227,845,9,V307,1,0.417,0.191,0.844,0.302
SKU001783,5714481347632,Classic Personal 319,Personal care,GroomCo,250g,kg,1.19,1.0,0.16,2915,7,V464,48,0.668,0.341,1.143,0.042
SKU001784,2726959082221,Extra Personal 480,Personal care,SkinNest,tub,ea,2.99,2.01,0.328,1817,10,V760,12,0.381,0.145,1.16,0.245
SKU001785,3343559457416,Lite Personal 751,Personal care,FreshFeel,bag,L,18.77,12.06,0.357,1428,13,V352,12,2.638,0.779,1.018,0.101
SKU001786,5615513067333,Family Pack Personal 293,Personal care,FreshFeel,250ml,L,1.52,1.02,0.329,2290,6,V704,24,0.424,0.175,0.962,0.009
SKU001787,2249066452548,Lite Personal 303,Personal care,CarePlus,box,ea,9.46,5.3,0.44,2398,14,V643,6,1.103,0.481,0.908,0.161
SKU001788,6936751664755,Value Personal 98,Personal care,FreshFeel,tub,ea,19.41,13.23,0.318,2815,11,V188,12,3.322,1.202,1.012,0.006
SKU001789,7248282097639,Classic Personal 385,Personal care,FreshFeel,tub,L,1.08,0.83,0.231,3625,8,V756,6,2.418,1.292,0.826,0.085
SKU001790,3699373704167,Extra Personal 189,Personal care,GroomCo,1kg,L,14.14,9.17,0.351,2852,14,V627,1,0.834,0.455,0.9,0.217
SKU001791,5402961106364,Extra Personal 960,Personal care,GroomCo,1L,ea,4.94,4.15,0.16,963,6,V511,1,1.753,0.563,1.047,0.012
SKU001792,4318395571147,Lite Personal 71,Personal care,SkinNest,500ml,kg,4.65,2.78,0.402,2238,11,V175,12,2.368,0.775,1.02,0.074
SKU001793,4208800326050,Premium Personal 169,Personal care,FreshFeel,1kg,ea,16.36,9.86,0.397,3427,14,V341,24,0.376,0.109,1.057,0.256
SKU001794,4829506872122,Value Personal 328,Personal care,CarePlus,250ml,L,8.01,5.57,0.305,1650,6,V291,12,2.056,0.975,1.053,0.007
SKU001795,8451561890716,Value Personal 775,Personal care,GroomCo,1kg,ea,11.49,7.74,0.326,3545,14,V688,24,1.564,0.721,0.853,0.041
SKU001796,6405209143691,Lite Personal 960,Personal care,GroomCo,bag,L,8.88,4.89,0.449,3354,10,V493,1,0.391,0.189,1.151,0.201
SKU001797,4046293068706,Value Personal 926,Personal care,FreshFeel,1L,kg,13.35,8.94,0.33,1699,9,V259,12,0.393,0.189,1.084,0.028
SKU001798,7453444356201,Lite Personal 738,Personal care,CarePlus,500ml,ea,18.07,14.95,0.173,2268,8,V629,6,0.48,0.256,0.835,0.003
SKU001799,6985972695549,Classic Personal 266,Personal care,GroomCo,250ml,ea,11.65,8.57,0.264,1280,5,V513,48,11.389,4.735,1.06,0.125
SKU001800,6903528312200,Classic Personal 684,Personal care,SkinNest,tub,L,17.75,15.06,0.152,2905,7,V741,24,0.873,0.376,0.943,0.366
SKU001801,2956316900735,Premium Household 305,Household & cleaning,HomeCare,tub,ea,19.26,14.11,0.267,1116,10,V514,12,0.447,0.115,0.762,0.081
SKU001802,8236059612731,Family Pack Household 117,Household & cleaning,SparkleCo,250ml,ea,10.86,7.87,0.275,1713,9,V922,48,0.392,0.11,0.967,0.071
SKU001803,7487011555937,Premium Household 799,Household & cleaning,CleanWave,250g,ea,8.1,5.46,0.326,2235,9,V768,48,0.515,0.216,0.976,0.004
SKU001804,7257730146875,Extra Household 481,Household & cleaning,CleanWave,1kg,L,24.26,18.82,0.224,3272,14,V932,48,0.595,0.295,0.873,0.339
SKU001805,5079990327880,Value Household 266,Household & cleaning,SparkleCo,250ml,L,8.36,5.72,0.316,3366,11,V907,24,0.381,0.1,0.645,0.007
SKU001806,6068892331424,Value Household 456,Household & cleaning,SparkleCo,250ml,ea,2.51,1.88,0.251,3458,5,V516,6,1.029,0.56,1.104,0.18
SKU001807,4941112371582,Family Pack Household 667,Household & cleaning,CleanWave,tub,L,1.07,0.78,0.271,2284,11,V975,6,0.407,0.173,0.912,0.127
SKU001808,8747441863185,Original Household 16,Household & cleaning,CleanWave,250ml,L,14.26,9.76,0.316,3239,10,V180,12,2.282,0.677,0.949,0.107
SKU001809,2092851300043,Lite Household 679,Household & cleaning,CleanWave,250g,ea,24.44,20.25,0.171,3534,14,V151,24,0.414,0.221,1.043,0.134
SKU001810,3816096172873,Classic Household 998,Household & cleaning,SparkleCo,single,L,5.73,3.41,0.405,2211,6,V257,6,0.324,0.172,1.129,0.088
SKU001811,7849609246323,Original Household 221,Household & cleaning,HomeCare,1kg,ea,17.37,10.32,0.406,1343,12,V497,48,1.906,1.135,0.829,0.351
SKU001812,5353870635480,Classic Household 693,Household & cleaning,CleanWave,bag,ea,14.17,9.19,0.351,3412,13,V235,24,0.691,0.223,1.328,0.057
SKU001813,3613919147289,Extra Household 914,Household & cleaning,HomeCare,bag,ea,8.35,5.04,0.396,549,13,V670,1,7.055,3.76,1.148,0.095
SKU001814,3275107845451,Organic Household 558,Household & cleaning,SparkleCo,250g,L,17.58,12.2,0.306,1411,11,V495,12,0.633,0.335,0.848,0.043
SKU001815,2695556526033,Lite Household 294,Household & cleaning,BrightHouse,1L,kg,20.86,16.78,0.196,384,7,V475,12,0.364,0.178,1.184,0.008
SKU001816,4098134231345,Extra Household 158,Household & cleaning,CleanWave,500ml,L,4.62,3.82,0.173,1479,9,V268,12,137.476,67.581,1.086,0.096
SKU001817,2132926431693,Classic Household 371,Household & cleaning,SparkleCo,1kg,L,20.87,15.9,0.238,3442,6,V492,12,0.362,0.144,0.954,0.106
SKU001818,7459216046661,Value Household 627,Household & cleaning,HomeCare,single,kg,23.38,18.71,0.2,3291,6,V316,12,2.452,1.148,0.935,0.183
SKU001819,4511161082300,Premium Household 921,Household & cleaning,BrightHouse,500g,ea,23.2,17.05,0.265,3272,10,V905,6,1.148,0.547,0.887,0.094
SKU001820,7587722541334,Organic Household 767,Household & cleaning,SparkleCo,single,kg,8.95,5.09,0.431,2756,12,V977,24,1.009,0.487,0.95,0.122
SKU001821,4488693557852,Family Pack Household 183,Household & cleaning,CleanWave,single,ea,16.93,11.27,0.334,1811,13,V508,6,0.419,0.133,1.096,0.026
SKU001822,3727801255809,Classic Household 998,Household & cleaning,CleanWave,box,kg,19.68,16.14,0.18,2292,12,V770,24,0.446,0.123,0.979,0.049
SKU001823,5815727515510,Organic Household 474,Household & cleaning,BrightHouse,1L,L,10.76,6.39,0.406,2627,6,V302,6,2.986,1.51,1.082,0.066
SKU001824,8887511970993,Value Household 529,Household & cleaning,CleanWave,tub,ea,11.32,9.03,0.202,2588,12,V320,48,0.864,0.358,0.824,0.109
SKU001825,6023044384673,Extra Household 323,Household & cleaning,CleanWave,500ml,L,10.4,6.19,0.405,1149,10,V137,24,0.346,0.106,1.144,0.03
SKU001826,4198233959076,Value Household 520,Household & cleaning,BrightHouse,tub,ea,21.1,13.58,0.356,3000,11,V517,12,0.391,0.1,0.773,0.416
SKU001827,5238473446697,Premium Household 238,Household & cleaning,HomeCare,500g,kg,17.25,12.15,0.296,516,10,V492,24,0.906,0.254,1.057,0.074
SKU001828,8308948974574,Family Pack Household 288,Household & cleaning,BrightHouse,1L,L,2.01,1.58,0.214,498,12,V132,48,0.361,0.185,0.872,0.108
SKU001829,7603252420346,Classic Household 208,Household & cleaning,HomeCare,1kg,ea,5.93,3.64,0.386,2795,9,V276,24,0.367,0.132,0.783,0.105
SKU001830,8114027389487,Value Household 386,Household & cleaning,BrightHouse,1kg,ea,8.83,5.51,0.376,1082,14,V106,48,0.71,0.405,0.857,0.232
SKU001831,2147795111517,Family Pack Household 260,Household & cleaning,BrightHouse,250ml,ea,2.14,1.58,0.262,603,7,V963,12,0.685,0.309,1.114,0.088
SKU001832,7313794323642,Lite Household 220,Household & cleaning,HomeCare,box,L,20.44,11.81,0.422,2663,12,V117,6,4.645,1.581,1.307,0.118
SKU001833,2217599650224,Classic Household 712,Household & cleaning,CleanWave,tub,L,7.7,4.45,0.422,1434,9,V573,1,0.822,0.223,1.067,0.193
SKU001834,7986995613832,Lite Household 869,Household & cleaning,BrightHouse,bag,ea,18.31,10.61,0.421,446,8,V177,1,0.356,0.149,1.076,0.003
SKU001835,4770702971414,Organic Household 626,Household & cleaning,BrightHouse,1kg,ea,15.29,12.44,0.186,1855,11,V102,1,0.699,0.369,0.728,0.227
SKU001836,5968634049183,Extra Household 185,Household & cleaning,BrightHouse,500ml,ea,6.76,4.97,0.265,1679,14,V350,12,0.413,0.1,0.904,0.301
SKU001837,2391582332059,Classic Household 609,Household & cleaning,SparkleCo,500g,ea,7.96,4.56,0.427,1516,10,V590,1,0.334,0.1,1.088,0.28
SKU001838,3501826951413,Organic Household 323,Household & cleaning,CleanWave,250ml,ea,20.77,11.47,0.448,3128,8,V880,24,1.051,0.612,0.884,0.017
SKU001839,5068745380545,Value Household 936,Household & cleaning,CleanWave,tub,L,22.46,15.08,0.329,1683,14,V103,48,0.582,0.249,1.135,0.013
SKU001840,4633513547898,Classic Household 470,Household & cleaning,CleanWave,1kg,L,12.05,6.68,0.446,387,5,V106,6,3.797,1.317,0.706,0.065
SKU001841,7396741225555,Value Household 8,Household & cleaning,BrightHouse,single,ea,24.59,15.33,0.377,2595,10,V843,1,0.914,0.436,0.936,0.162
SKU001842,3108731726438,Lite Household 802,Household & cleaning,HomeCare,bag,kg,18.52,13.39,0.277,579,12,V786,12,0.669,0.236,0.921,0.108
SKU001843,8542292738680,Family Pack Household 409,Household & cleaning,CleanWave,tub,L,24.24,13.59,0.439,852,12,V790,48,0.318,0.1,0.857,0.039
SKU001844,2611256036135,Extra Household 267,Household & cleaning,HomeCare,single,ea,17.93,11.44,0.362,2447,8,V870,48,0.614,0.187,1.057,0.011
SKU001845,3216951777125,Value Household 997,Household & cleaning,CleanWave,500g,kg,23.16,18.76,0.19,2187,6,V128,24,1.362,0.585,0.927,0.116
SKU001846,7030998772287,Lite Household 220,Household & cleaning,BrightHouse,1kg,L,14.6,11.55,0.209,729,10,V161,12,4.075,1.652,0.799,0.118
SKU001847,3378684939856,Extra Household 466,Household & cleaning,HomeCare,250g,L,22.23,14.67,0.34,2165,14,V590,48,1.096,0.375,1.232,0.126
SKU001848,8546059052664,Extra Household 966,Household & cleaning,HomeCare,250g,ea,9.88,6.83,0.309,1595,5,V986,24,3.467,1.133,1.237,0.118
SKU001849,8031545419201,Extra Household 949,Household & cleaning,SparkleCo,tub,ea,14.63,11.69,0.201,1290,14,V439,1,0.345,0.155,0.881,0.034
SKU001850,6370381360566,Extra Household 632,Household & cleaning,HomeCare,bag,L,23.72,13.3,0.439,2828,14,V691,1,8.543,4.189,1.15,0.074
SKU001851,7913205484580,Extra Household 65,Household & cleaning,SparkleCo,500ml,kg,24.41,16.36,0.33,1424,5,V442,48,1.501,0.538,1.092,0.028
SKU001852,3420098217067,Premium Household 917,Household & cleaning,BrightHouse,500g,ea,19.45,12.92,0.336,2871,6,V384,48,0.6,0.143,1.108,0.041
SKU001853,3359736105229,Extra Household 477,Household & cleaning,CleanWave,single,ea,19.21,14.84,0.227,1668,13,V904,48,0.501,0.17,1.079,0.053
SKU001854,6537573734479,Organic Household 608,Household & cleaning,CleanWave,box,L,19.1,11.24,0.412,2282,6,V753,12,0.624,0.192,0.879,0.077
SKU001855,6783689459389,Family Pack Household 615,Household & cleaning,HomeCare,500g,ea,8.93,4.92,0.449,2537,12,V204,48,0.47,0.188,0.934,0.152
SKU001856,8202804811712,Value Household 609,Household & cleaning,CleanWave,250ml,L,18.16,14.65,0.193,697,8,V148,6,4.587,2.233,0.831,0.142
SKU001857,7770533633581,Family Pack Household 978,Household & cleaning,HomeCare,1L,ea,20.59,13.16,0.361,1047,5,V108,6,0.695,0.407,1.09,0.103
SKU001858,4174138252642,Premium Household 255,Household & cleaning,BrightHouse,single,ea,7.87,5.78,0.266,2986,14,V125,1,3.038,1.0,0.905,0.274
SKU001859,2921548450316,Lite Household 633,Household & cleaning,HomeCare,1L,kg,7.1,5.81,0.182,502,14,V390,1,37.597,9.052,0.846,0.103
SKU001860,2003488698986,Lite Household 909,Household & cleaning,HomeCare,bag,kg,8.12,5.71,0.297,383,8,V358,48,1.21,0.647,1.111,0.279
SKU001861,2063078217528,Lite Household 126,Household & cleaning,SparkleCo,250g,ea,17.79,9.8,0.449,1592,12,V992,24,0.65,0.249,1.177,0.346
SKU001862,2802686229422,Lite Household 81,Household & cleaning,CleanWave,250ml,ea,1.4,1.13,0.193,1210,13,V162,6,0.764,0.273,0.902,0.143
SKU001863,8470228796312,Family Pack Household 436,Household & cleaning,BrightHouse,bag,ea,4.04,2.93,0.275,2104,8,V359,1,0.658,0.2,1.264,0.137
SKU001864,3432132288609,Extra Household 671,Household & cleaning,HomeCare,bag,kg,10.92,6.63,0.393,757,12,V731,1,2.47,0.616,0.941,0.08
SKU001865,2523189114768,Lite Household 346,Household & cleaning,CleanWave,1kg,kg,15.18,8.98,0.408,462,10,V405,1,0.356,0.211,0.982,0.045
SKU001866,4290203006637,Premium Household 966,Household & cleaning,CleanWave,500g,ea,2.27,1.71,0.247,462,7,V843,6,0.395,0.135,1.066,0.052
SKU001867,7354515969999,Original Household 906,Household & cleaning,CleanWave,box,L,11.88,9.76,0.178,3580,14,V960,48,0.455,0.1,0.97,0.07
SKU001868,8745028778251,Lite Household 443,Household & cleaning,BrightHouse,500g,ea,6.97,4.14,0.406,1620,8,V134,48,0.422,0.177,0.988,0.217
SKU001869,6817884562276,Lite Household 101,Household & cleaning,SparkleCo,1L,kg,15.57,11.62,0.254,616,7,V106,6,0.487,0.262,1.164,0.176
SKU001870,7453278550082,Classic Household 764,Household & cleaning,BrightHouse,bag,ea,12.89,10.0,0.224,1516,10,V337,6,0.438,0.113,1.155,0.043
SKU001871,2316934432822,Extra Household 239,Household & cleaning,SparkleCo,250ml,L,6.69,5.2,0.223,2605,9,V641,6,0.705,0.341,1.234,0.013
SKU001872,2240494931291,Organic Household 944,Household & cleaning,SparkleCo,single,kg,22.49,16.24,0.278,1639,8,V441,12,0.388,0.196,0.796,0.032
SKU001873,4731280112122,Premium Household 183,Household & cleaning,SparkleCo,500ml,kg,15.87,12.52,0.211,2430,8,V437,24,7.188,2.506,1.444,0.269
SKU001874,8579321960994,Family Pack Household 684,Household & cleaning,BrightHouse,500ml,L,24.17,16.51,0.317,406,6,V299,24,0.357,0.142,0.742,0.067
SKU001875,7191994564442,Premium Household 510,Household & cleaning,CleanWave,box,kg,24.7,14.6,0.409,1442,14,V130,24,0.555,0.294,0.705,0.146
SKU001876,4093010769231,Value Household 751,Household & cleaning,BrightHouse,box,ea,16.26,9.25,0.431,1743,6,V102,24,0.5,0.223,1.017,0.076
SKU001877,8147548182457,Premium Household 705,Household & cleaning,HomeCare,single,ea,21.67,16.08,0.258,1455,11,V394,6,0.399,0.208,1.008,0.131
SKU001878,6684902862442,Family Pack Household 497,Household & cleaning,BrightHouse,250g,kg,8.4,6.29,0.251,2913,8,V189,6,2.05,0.628,1.008,0.091
SKU001879,3845182362038,Lite Household 344,Household & cleaning,HomeCare,single,ea,23.94,19.55,0.183,1643,5,V364,6,1.328,0.46,0.872,0.295
SKU001880,5399827566528,Lite Household 52,Household & cleaning,BrightHouse,box,ea,13.6,10.16,0.253,2049,6,V657,1,1.152,0.281,0.92,0.2
SKU001881,8729643901259,Extra Household 557,Household & cleaning,HomeCare,1kg,ea,19.6,11.72,0.402,428,12,V502,12,3.625,0.888,0.928,0.371
SKU001882,7571834621319,Extra Household 730,Household & cleaning,CleanWave,500ml,L,6.1,4.54,0.256,930,5,V634,24,0.392,0.177,1.074,0.192
SKU001883,8301262664009,Classic Household 382,Household & cleaning,CleanWave,single,kg,5.38,4.37,0.188,523,5,V292,6,0.517,0.11,1.033,0.044
SKU001884,5898410984413,Original Household 960,Household & cleaning,CleanWave,tub,L,3.43,2.36,0.312,2066,9,V851,6,0.891,0.487,0.988,0.206
SKU001885,7959456213369,Organic Household 684,Household & cleaning,SparkleCo,box,L,7.6,5.18,0.318,1367,14,V765,48,0.347,0.206,0.912,0.212
SKU001886,5975921479306,Premium Household 281,Household & cleaning,SparkleCo,250g,kg,17.52,12.67,0.277,1752,12,V405,24,1.088,0.441,0.977,0.032
SKU001887,8420914452076,Value Household 470,Household & cleaning,SparkleCo,1kg,kg,14.15,11.02,0.221,2711,9,V851,48,0.439,0.128,1.04,0.057
SKU001888,2239349178189,Classic Household 560,Household & cleaning,SparkleCo,250ml,kg,2.48,1.54,0.379,2640,10,V406,48,0.351,0.1,0.956,0.202
SKU001889,4429184444299,Organic Household 812,Household & cleaning,SparkleCo,1L,L,1.08,0.72,0.333,921,6,V765,12,0.355,0.123,0.905,0.27
SKU001890,5570490130628,Value Household 331,Household & cleaning,BrightHouse,box,ea,4.46,2.48,0.444,2431,8,V505,6,0.416,0.153,1.194,0.157
SKU001891,5984515486404,Extra Household 933,Household & cleaning,HomeCare,1L,ea,16.57,11.85,0.285,1221,9,V331,1,2.267,1.17,0.911,0.415
SKU001892,6993869767500,Premium Household 809,Household & cleaning,HomeCare,tub,ea,18.25,10.69,0.414,3468,5,V626,12,1.819,0.723,0.798,0.123
SKU001893,8708392166395,Extra Household 825,Household & cleaning,HomeCare,single,L,8.42,7.11,0.156,2854,10,V920,12,5.854,3.048,1.087,0.033
SKU001894,8261649067502,Lite Household 141,Household & cleaning,SparkleCo,bag,ea,12.5,8.37,0.33,585,12,V134,1,0.551,0.217,1.03,0.004
SKU001895,5238119656187,Family Pack Household 838,Household & cleaning,CleanWave,250g,L,5.8,4.82,0.169,2482,12,V378,48,6.512,2.235,1.146,0.002
SKU001896,4451919487040,Classic Household 503,Household & cleaning,SparkleCo,250ml,kg,10.39,7.37,0.291,494,8,V348,1,6.456,3.751,0.842,0.001
SKU001897,3103379988784,Family Pack Household 361,Household & cleaning,SparkleCo,1L,L,15.02,8.55,0.431,2590,12,V241,6,1.081,0.249,1.017,0.398
SKU001898,7477149837284,Extra Household 271,Household & cleaning,HomeCare,500ml,L,4.02,3.35,0.167,2094,6,V648,12,0.423,0.144,0.814,0.154
SKU001899,8663463722233,Premium Household 988,Household & cleaning,HomeCare,500ml,ea,20.18,16.08,0.203,1707,8,V639,6,0.865,0.183,0.764,0.081
SKU001900,4399983729438,Family Pack Household 867,Household & cleaning,HomeCare,500g,L,19.0,15.15,0.203,2509,11,V784,1,41.058,8.244,1.098,0.197
SKU001901,8813319678707,Value Household 688,Household & cleaning,BrightHouse,1L,ea,12.75,7.05,0.447,520,7,V917,1,0.61,0.21,0.992,0.319
SKU001902,5311617463835,Family Pack Household 315,Household & cleaning,CleanWave,1kg,kg,4.35,2.52,0.421,2661,8,V881,6,0.328,0.154,1.186,0.02
SKU001903,7344956406190,Lite Household 957,Household & cleaning,BrightHouse,250ml,L,3.46,2.09,0.396,482,13,V811,24,74.282,35.839,1.03,0.033
SKU001904,7429735361786,Family Pack Household 505,Household & cleaning,CleanWave,250ml,kg,9.11,5.31,0.417,1057,7,V156,48,2.02,0.726,1.005,0.006
SKU001905,7782193354993,Extra Household 646,Household & cleaning,BrightHouse,1L,L,2.03,1.39,0.315,3036,10,V879,12,0.44,0.151,0.882,0.288
SKU001906,4296502833190,Extra Household 747,Household & cleaning,SparkleCo,single,ea,15.54,10.63,0.316,1973,9,V354,1,0.831,0.168,1.333,0.076
SKU001907,6214779944562,Premium Household 704,Household & cleaning,SparkleCo,1kg,kg,18.4,15.26,0.171,1665,6,V533,1,0.332,0.137,1.126,0.177
SKU001908,5080562191902,Premium Household 146,Household & cleaning,HomeCare,250g,kg,4.06,3.04,0.251,2689,6,V870,12,0.526,0.31,1.262,0.015
SKU001909,4006994243404,Extra Household 984,Household & cleaning,CleanWave,250ml,ea,23.45,13.86,0.409,1157,6,V111,24,1.294,0.575,0.981,0.054
SKU001910,6150290861532,Family Pack Household 250,Household & cleaning,BrightHouse,250ml,kg,4.0,2.64,0.34,801,13,V452,24,0.475,0.105,0.833,0.324
SKU001911,8760887142051,Lite Household 445,Household & cleaning,HomeCare,500g,ea,18.64,12.82,0.312,1757,14,V804,1,14.715,4.121,1.098,0.146
SKU001912,5947621182598,Value Household 801,Household & cleaning,CleanWave,250ml,L,6.34,4.44,0.3,769,9,V409,6,5.06,1.838,0.885,0.141
SKU001913,5792772090732,Premium Household 475,Household & cleaning,CleanWave,single,kg,9.7,5.89,0.393,1191,12,V694,1,1.417,0.419,0.836,0.11
SKU001914,8323538324939,Classic Household 192,Household & cleaning,BrightHouse,box,L,13.94,9.34,0.33,2328,14,V986,48,0.746,0.385,1.251,0.009
SKU001915,3441889903508,Extra Household 574,Household & cleaning,CleanWave,1kg,kg,2.76,2.03,0.264,3120,11,V545,6,0.506,0.184,0.84,0.067
SKU001916,8130680613668,Extra Household 678,Household & cleaning,BrightHouse,1kg,ea,11.81,8.76,0.258,2051,13,V162,48,0.46,0.19,1.234,0.079
SKU001917,2282462669256,Organic Household 714,Household & cleaning,HomeCare,single,ea,20.6,12.57,0.39,2639,11,V904,12,0.588,0.124,1.089,0.093
SKU001918,2647370665314,Family Pack Household 779,Household & cleaning,HomeCare,1L,ea,7.78,5.77,0.258,3241,5,V569,24,0.417,0.1,1.105,0.011
SKU001919,5330172259261,Original Household 776,Household & cleaning,BrightHouse,tub,ea,20.88,15.28,0.268,953,5,V540,24,0.549,0.27,0.959,0.07
SKU001920,5876130934462,Value Household 973,Household & cleaning,CleanWave,single,kg,1.59,1.23,0.226,1288,10,V653,1,0.768,0.159,1.089,0.153
SKU001921,5534322228429,Classic Household 333,Household & cleaning,HomeCare,tub,kg,24.81,16.08,0.352,2629,7,V364,24,2.57,0.652,0.813,0.112
SKU001922,2263807410895,Extra Household 198,Household & cleaning,SparkleCo,single,ea,1.6,1.2,0.25,3082,7,V772,48,1.171,0.625,0.967,0.006
SKU001923,2744762592602,Family Pack Household 258,Household & cleaning,CleanWave,bag,L,9.36,6.05,0.354,2705,12,V168,1,0.712,0.188,1.293,0.422
SKU001924,3695199473227,Family Pack Household 542,Household & cleaning,BrightHouse,box,L,22.14,13.74,0.379,3529,13,V248,1,0.328,0.136,0.947,0.028
SKU001925,2499355057814,Premium Household 107,Household & cleaning,BrightHouse,500g,kg,22.68,14.33,0.368,3580,8,V588,6,0.9,0.403,1.114,0.273
SKU001926,4432773964785,Family Pack Household 460,Household & cleaning,SparkleCo,single,kg,23.71,13.13,0.446,2472,11,V135,12,0.352,0.139,0.869,0.036
SKU001927,3049562163407,Classic Household 901,Household & cleaning,SparkleCo,500ml,kg,5.23,3.43,0.344,786,7,V334,24,10.772,3.378,1.065,0.043
SKU001928,2676763933404,Organic Household 782,Household & cleaning,SparkleCo,1L,kg,7.61,5.04,0.338,3185,8,V229,48,1.561,0.836,0.832,0.095
SKU001929,4029793419973,Extra Household 847,Household & cleaning,SparkleCo,1L,ea,9.01,6.78,0.248,1066,5,V421,1,0.417,0.203,1.319,0.075
SKU001930,8471773041860,Family Pack Household 916,Household & cleaning,CleanWave,bag,L,20.31,15.19,0.252,1260,9,V220,24,0.644,0.164,0.822,0.124
SKU001931,6262557963520,Original Household 625,Household & cleaning,CleanWave,250g,L,18.3,10.28,0.438,774,12,V445,12,0.708,0.383,0.943,0.105
SKU001932,8717268735887,Value Household 627,Household & cleaning,BrightHouse,1kg,kg,24.14,18.73,0.224,2686,9,V358,12,1.169,0.576,1.16,0.295
SKU001933,6841978331818,Premium Household 639,Household & cleaning,SparkleCo,tub,ea,14.34,9.64,0.328,918,14,V165,48,0.779,0.295,1.22,0.059
SKU001934,7925505460077,Lite Household 817,Household & cleaning,BrightHouse,box,ea,13.23,11.07,0.163,676,12,V222,12,1.039,0.226,1.175,0.042
SKU001935,8923952409618,Premium Household 364,Household & cleaning,HomeCare,250g,ea,7.0,4.0,0.429,1959,9,V884,24,2.71,0.64,0.855,0.027
SKU001936,4848357298908,Value Household 330,Household & cleaning,SparkleCo,box,L,20.68,13.38,0.353,2353,5,V773,1,0.488,0.151,0.836,0.125
SKU001937,6256376790802,Extra Household 453,Household & cleaning,BrightHouse,box,kg,12.22,8.98,0.265,705,12,V488,48,2.12,1.137,1.019,0.207
SKU001938,8405149661279,Original Household 70,Household & cleaning,HomeCare,500g,L,10.73,9.0,0.161,907,7,V184,12,0.399,0.208,0.696,0.115
SKU001939,3679364198827,Premium Household 784,Household & cleaning,BrightHouse,250ml,L,20.08,12.39,0.383,3062,11,V950,1,6.092,1.737,0.887,0.085
SKU001940,3954572639219,Family Pack Household 111,Household & cleaning,BrightHouse,box,kg,11.52,7.96,0.309,1337,7,V903,48,0.773,0.211,1.143,0.089
SKU001941,4079180167537,Classic Household 877,Household & cleaning,BrightHouse,250ml,ea,2.07,1.51,0.271,1263,14,V858,1,0.331,0.105,1.009,0.03
SKU001942,4682576339732,Value Household 680,Household & cleaning,HomeCare,250g,ea,19.02,11.34,0.404,690,14,V969,6,6.192,2.286,1.013,0.191
SKU001943,6040223107116,Original Household 41,Household & cleaning,CleanWave,500g,L,4.83,3.73,0.228,2669,10,V836,24,2.127,0.715,1.042,0.034
SKU001944,2047215925346,Value Household 440,Household & cleaning,CleanWave,single,ea,6.76,3.97,0.413,725,6,V750,6,0.405,0.185,0.791,0.089
SKU001945,7389700024195,Extra Household 323,Household & cleaning,BrightHouse,box,kg,23.18,14.09,0.392,3612,12,V474,48,0.507,0.236,1.09,0.047
SKU001946,8961210694265,Lite Household 635,Household & cleaning,CleanWave,bag,ea,4.76,3.65,0.233,1419,11,V497,48,1.262,0.712,0.731,0.079
SKU001947,4614436062868,Classic Household 804,Household & cleaning,BrightHouse,500g,L,23.39,15.18,0.351,1853,5,V708,12,7.469,4.181,1.076,0.495
SKU001948,8650106839388,Family Pack Household 713,Household & cleaning,HomeCare,250g,ea,4.37,3.56,0.185,3199,8,V243,6,0.493,0.27,1.303,0.018
SKU001949,5725707068805,Original Household 884,Household & cleaning,BrightHouse,tub,ea,13.48,11.05,0.18,2792,9,V154,24,0.343,0.155,1.039,0.128
SKU001950,8256234520427,Original Household 526,Household & cleaning,SparkleCo,250ml,kg,24.94,21.11,0.154,3378,11,V161,48,0.604,0.277,1.087,0.052
SKU001951,2934050550566,Lite Household 481,Household & cleaning,HomeCare,tub,ea,2.91,1.79,0.385,2904,14,V602,24,0.393,0.18,1.004,0.005
SKU001952,7371032501228,Value Household 494,Household & cleaning,BrightHouse,250g,kg,5.86,3.98,0.321,1635,13,V180,1,1.25,0.619,0.965,0.197
SKU001953,3008888874037,Premium Household 718,Household & cleaning,HomeCare,250g,kg,21.35,17.22,0.193,1923,6,V160,24,2.785,1.09,1.161,0.049
SKU001954,8630034270246,Organic Household 677,Household & cleaning,BrightHouse,1L,ea,19.16,13.94,0.272,1814,9,V848,12,0.365,0.15,1.123,0.033
SKU001955,5491024824384,Organic Household 423,Household & cleaning,CleanWave,500ml,L,2.14,1.43,0.332,2107,10,V894,24,0.449,0.134,0.874,0.07
SKU001956,6141124135628,Classic Household 180,Household & cleaning,HomeCare,1L,L,16.76,13.69,0.183,3497,8,V349,1,0.427,0.113,1.114,0.003
SKU001957,4688850867045,Original Household 110,Household & cleaning,SparkleCo,500g,kg,3.38,2.72,0.195,945,11,V701,48,0.568,0.276,0.977,0.301
SKU001958,5547815429923,Family Pack Household 370,Household & cleaning,BrightHouse,box,ea,19.4,13.6,0.299,1065,10,V674,6,0.808,0.214,0.902,0.167
SKU001959,7298760909926,Organic Household 613,Household & cleaning,CleanWave,250ml,ea,15.82,11.92,0.247,1835,10,V769,1,0.968,0.366,0.576,0.044
SKU001960,8494054546897,Original Household 180,Household & cleaning,HomeCare,500ml,kg,20.93,16.99,0.188,513,7,V995,12,1.776,0.815,0.551,0.268
SKU001961,2329483796845,Classic Household 50,Household & cleaning,BrightHouse,500ml,kg,3.9,2.79,0.285,3465,13,V918,24,0.576,0.268,1.15,0.028
SKU001962,8267473220870,Family Pack Household 104,Household & cleaning,HomeCare,1L,L,2.26,1.69,0.252,3587,10,V312,48,8.013,2.966,1.065,0.176
SKU001963,2265953274931,Value Household 750,Household & cleaning,CleanWave,1L,kg,22.59,15.36,0.32,1254,14,V894,6,0.347,0.147,0.804,0.34
SKU001964,4135709623004,Value Household 385,Household & cleaning,HomeCare,250ml,ea,24.05,13.69,0.431,900,13,V116,6,0.489,0.237,1.099,0.438
SKU001965,6692261677148,Original Household 389,Household & cleaning,SparkleCo,box,ea,15.93,11.39,0.285,2353,7,V940,1,0.424,0.214,1.097,0.186
SKU001966,2551894763276,Original Household 714,Household & cleaning,HomeCare,250g,kg,4.3,2.74,0.363,821,7,V539,6,0.376,0.209,1.156,0.031
SKU001967,6055088210962,Classic Household 450,Household & cleaning,SparkleCo,500g,L,17.83,13.36,0.251,2535,10,V427,24,1.264,0.282,1.145,0.125
SKU001968,5850562574474,Family Pack Household 841,Household & cleaning,SparkleCo,500g,kg,8.47,6.35,0.25,1859,9,V303,1,1.414,0.643,1.025,0.099
SKU001969,5401053993690,Premium Household 178,Household & cleaning,BrightHouse,1L,kg,18.89,13.52,0.284,2857,11,V480,6,0.798,0.32,1.255,0.014
SKU001970,6384934072835,Premium Household 375,Household & cleaning,HomeCare,single,kg,5.02,3.94,0.215,1066,6,V821,6,7.931,2.202,1.057,0.14
SKU001971,6005526778230,Organic Household 156,Household & cleaning,BrightHouse,single,L,16.19,11.04,0.318,1870,11,V197,24,0.41,0.14,1.342,0.079
SKU001972,3092364508530,Original Household 701,Household & cleaning,HomeCare,1L,ea,1.56,0.99,0.365,3221,14,V655,6,0.448,0.18,0.925,0.262
SKU001973,2273397167140,Organic Household 666,Household & cleaning,SparkleCo,bag,L,8.64,4.84,0.44,3127,13,V854,6,0.857,0.471,1.068,0.27
SKU001974,2526720476049,Premium Household 99,Household & cleaning,SparkleCo,500g,ea,18.87,13.54,0.282,394,7,V254,12,1.786,0.645,1.149,0.156
SKU001975,7125419909001,Classic Household 480,Household & cleaning,CleanWave,1L,ea,11.08,6.8,0.386,1964,12,V125,48,0.627,0.305,0.901,0.088
SKU001976,7202314933675,Classic Household 601,Household & cleaning,HomeCare,bag,L,20.91,16.94,0.19,2930,9,V414,6,1.019,0.267,0.839,0.173
SKU001977,5614116740141,Organic Household 968,Household & cleaning,CleanWave,1L,kg,11.96,9.97,0.166,1847,13,V417,1,0.352,0.1,1.071,0.115
SKU001978,5436493313075,Premium Household 156,Household & cleaning,CleanWave,1L,kg,3.9,2.24,0.426,3009,10,V942,48,0.452,0.177,1.052,0.009
SKU001979,2238742158573,Extra Household 560,Household & cleaning,HomeCare,1kg,ea,15.57,12.25,0.213,3159,7,V986,6,0.317,0.18,1.193,0.07
SKU001980,5281430356101,Lite Household 568,Household & cleaning,SparkleCo,500ml,L,15.04,12.36,0.178,1124,9,V970,1,0.608,0.323,1.089,0.007
SKU001981,5716333210288,Extra Household 273,Household & cleaning,CleanWave,single,kg,13.61,9.81,0.279,1383,10,V289,48,1.767,0.663,0.947,0.135
SKU001982,4691000878333,Family Pack Household 579,Household & cleaning,BrightHouse,single,L,1.89,1.38,0.27,2253,10,V659,48,0.448,0.216,0.709,0.003
SKU001983,2353563479521,Lite Household 593,Household & cleaning,HomeCare,500g,kg,12.06,7.15,0.407,1897,6,V661,48,0.319,0.139,0.83,0.082
SKU001984,6712149733962,Extra Household 505,Household & cleaning,CleanWave,250ml,kg,21.9,14.35,0.345,1070,9,V441,48,0.324,0.1,1.026,0.09
SKU001985,6781488447543,Family Pack Household 4,Household & cleaning,BrightHouse,box,L,22.77,17.86,0.216,872,10,V891,24,0.323,0.164,0.899,0.012
SKU001986,3773310377603,Organic Household 469,Household & cleaning,CleanWave,tub,ea,1.25,0.96,0.232,1788,5,V418,48,1.384,0.456,1.143,0.064
SKU001987,6477568637340,Premium Household 376,Household & cleaning,SparkleCo,tub,ea,2.28,1.51,0.338,2318,10,V902,48,0.788,0.396,0.778,0.031
SKU001988,7573017579788,Value Household 241,Household & cleaning,CleanWave,500ml,ea,14.9,12.26,0.177,386,12,V383,6,1.201,0.705,0.991,0.115
SKU001989,8180099605216,Extra Household 127,Household & cleaning,SparkleCo,250ml,kg,9.39,6.32,0.327,3372,5,V355,24,0.515,0.239,0.93,0.009
SKU001990,7255654595456,Original Household 778,Household & cleaning,HomeCare,box,kg,10.52,6.08,0.422,3635,12,V880,24,0.726,0.217,1.135,0.081
SKU001991,3529881680099,Family Pack Household 856,Household & cleaning,SparkleCo,tub,kg,2.43,1.49,0.387,1404,14,V224,48,0.526,0.192,0.778,0.039
SKU001992,2899031890669,Lite Household 175,Household & cleaning,CleanWave,500ml,L,3.19,1.88,0.411,1862,7,V196,6,0.795,0.247,0.834,0.01
SKU001993,7134876045550,Organic Household 898,Household & cleaning,SparkleCo,1L,ea,4.85,3.8,0.216,3053,6,V359,6,0.482,0.174,0.811,0.011
SKU001994,2999099630707,Family Pack Household 708,Household & cleaning,SparkleCo,1kg,kg,15.37,9.87,0.358,1253,6,V840,1,0.347,0.133,0.945,0.012
SKU001995,8833095457180,Premium Household 171,Household & cleaning,SparkleCo,box,kg,3.92,2.46,0.372,1968,14,V177,6,0.867,0.319,1.117,0.196
SKU001996,7192505402909,Lite Household 7,Household & cleaning,BrightHouse,single,L,11.88,9.56,0.195,1045,11,V959,6,0.414,0.163,1.118,0.336
SKU001997,5114023276241,Original Household 848,Household & cleaning,CleanWave,1kg,ea,18.77,12.49,0.335,3505,5,V158,1,0.375,0.1,0.811,0.161
SKU001998,2747480848328,Premium Household 524,Household & cleaning,HomeCare,1L,kg,14.14,9.36,0.338,1856,12,V976,24,0.415,0.103,0.83,0.042
SKU001999,8553250296227,Premium Household 410,Household & cleaning,CleanWave,1kg,ea,11.43,8.81,0.229,2540,11,V318,12,1.426,0.538,0.972,0.029
SKU002000,7877903422309,Premium Household 967,Household & cleaning,HomeCare,1kg,ea,21.53,17.89,0.169,3182,5,V404,24,1.297,0.775,1.073,0.068
